1109	525
1108	525
1108	528
1106	528
1106	531
1105	531
1105	532
1104	532
1104	538
1103	538
1103	540
1102	540
1102	541
1101	541
1101	542
1100	542
1100	543
1098	543
1098	544
1094	544
1094	545
1093	545
1093	546
1091	546
1091	547
1089	547
1089	548
1088	548
1088	549
1087	549
1087	550
1086	550
1086	551
1085	551
1085	552
1084	552
1084	553
1083	553
1083	554
1082	554
1082	555
1080	555
1080	556
1079	556
1079	557
1078	557
1078	558
1077	558
1077	560
1075	560
1075	562
1074	562
1074	563
1073	563
1073	564
1072	564
1072	565
1071	565
1071	566
1070	566
1070	567
1069	567
1069	568
1067	568
1067	569
1066	569
1066	570
1065	570
1065	571
1064	571
1064	572
1063	572
1063	573
1062	573
1062	574
1061	574
1061	575
1060	575
1060	576
1058	576
1058	577
1057	577
1057	578
1056	578
1056	579
1055	579
1055	580
1054	580
1054	581
1053	581
1053	582
1052	582
1052	584
1051	584
1051	585
1049	585
1049	586
1048	586
1048	587
1047	587
1047	588
1046	588
1046	589
1043	589
1043	591
1044	591
1044	592
1046	592
1046	593
1047	593
1047	594
1048	594
1048	595
1049	595
1049	596
1050	596
1050	597
1051	597
1051	598
1052	598
1052	599
1053	599
1053	600
1055	600
1055	601
1057	601
1057	604
1056	604
1056	605
1055	605
1055	606
1054	606
1054	607
1053	607
1053	608
1052	608
1052	609
1051	609
1051	610
1050	610
1050	611
1049	611
1049	613
1047	613
1047	615
1046	615
1046	616
1045	616
1045	617
1043	617
1043	618
1041	618
1041	619
1040	619
1040	620
1038	620
1038	621
1036	621
1036	622
1034	622
1034	623
1032	623
1032	624
1031	624
1031	625
1029	625
1029	626
1028	626
1028	627
1025	627
1025	628
1024	628
1024	629
1023	629
1023	630
1021	630
1021	631
1019	631
1019	632
1015	632
1015	633
1011	633
1011	634
1013	634
1013	635
1016	635
1016	636
1017	636
1017	637
1018	637
1018	638
1020	638
1020	639
1021	639
1021	640
1022	640
1022	641
1023	641
1023	643
1024	643
1024	644
1025	644
1025	646
1026	646
1026	649
1027	649
1027	651
1029	651
1029	652
1030	652
1030	653
1031	653
1031	655
1030	655
1030	656
1029	656
1029	657
1028	657
1028	658
1027	658
1027	659
1025	659
1025	660
1024	660
1024	661
1022	661
1022	662
1021	662
1021	663
1019	663
1019	664
1018	664
1018	665
1016	665
1016	666
1012	666
1012	667
1010	667
1010	668
1007	668
1007	669
1002	669
1002	670
999	670
999	671
998	671
998	672
996	672
996	673
994	673
994	674
992	674
992	675
989	675
989	676
988	676
988	677
987	677
987	678
986	678
986	679
985	679
985	680
984	680
984	681
982	681
982	682
981	682
981	686
982	686
982	687
983	687
983	688
984	688
984	689
985	689
985	690
986	690
986	692
987	692
987	693
988	693
988	695
989	695
989	697
990	697
990	699
991	699
991	701
992	701
992	703
993	703
993	704
997	704
997	707
995	707
995	708
994	708
994	709
992	709
992	710
990	710
990	711
989	711
989	712
988	712
988	713
986	713
986	714
985	714
985	715
983	715
983	716
981	716
981	717
979	717
979	718
976	718
976	719
974	719
974	720
972	720
972	721
970	721
970	722
968	722
968	723
964	723
964	724
960	724
960	725
955	725
955	727
956	727
956	728
957	728
957	729
958	729
958	731
959	731
959	732
960	732
960	734
961	734
961	735
962	735
962	736
963	736
963	739
961	739
961	740
960	740
960	741
959	741
959	742
956	742
956	743
954	743
954	744
951	744
951	745
943	745
943	746
933	746
933	749
935	749
935	750
936	750
936	752
938	752
938	754
939	754
939	755
940	755
940	756
941	756
941	758
942	758
942	759
943	759
943	761
944	761
944	763
945	763
945	765
946	765
946	767
947	767
947	770
948	770
948	773
949	773
949	776
951	776
951	777
953	777
953	780
950	780
950	781
949	781
949	782
945	782
945	783
943	783
943	784
940	784
940	785
938	785
938	786
934	786
934	787
930	787
930	788
918	788
918	789
910	789
910	790
909	790
909	789
903	789
903	788
901	788
901	787
899	787
899	788
900	788
900	789
901	789
901	790
902	790
902	792
903	792
903	794
904	794
904	798
905	798
905	801
906	801
906	803
904	803
904	804
902	804
902	805
893	805
893	804
889	804
889	803
881	803
881	806
883	806
883	807
884	807
884	808
885	808
885	809
886	809
886	811
887	811
887	813
888	813
888	815
889	815
889	816
890	816
890	817
891	817
891	819
892	819
892	820
893	820
893	822
894	822
894	824
895	824
895	826
896	826
896	828
897	828
897	830
898	830
898	832
899	832
899	834
900	834
900	837
901	837
901	840
902	840
902	842
903	842
903	846
904	846
904	853
905	853
905	855
906	855
906	856
907	856
907	857
909	857
909	860
906	860
906	861
901	861
901	862
897	862
897	863
895	863
895	864
893	864
893	865
890	865
890	866
883	866
883	867
878	867
878	868
875	868
875	869
869	869
869	870
851	870
851	869
849	869
849	868
847	868
847	870
848	870
848	874
849	874
849	880
850	880
850	882
848	882
848	883
838	883
838	882
834	882
834	881
831	881
831	880
828	880
828	879
824	879
824	878
821	878
821	877
816	877
816	876
815	876
815	875
813	875
813	876
814	876
814	879
815	879
815	886
814	886
814	889
815	889
815	891
814	891
814	892
812	892
812	893
811	893
811	892
804	892
804	891
801	891
801	890
800	890
800	889
799	889
799	888
798	888
798	887
797	887
797	886
795	886
795	885
793	885
793	884
792	884
792	883
790	883
790	882
788	882
788	881
787	881
787	880
785	880
785	879
784	879
784	878
782	878
782	877
779	877
779	876
776	876
776	875
773	875
773	874
768	874
768	873
766	873
766	872
764	872
764	871
762	871
762	870
761	870
761	875
762	875
762	880
763	880
763	882
760	882
760	883
759	883
759	882
758	882
758	883
757	883
757	882
754	882
754	881
752	881
752	880
751	880
751	879
750	879
750	878
748	878
748	877
747	877
747	876
745	876
745	875
744	875
744	874
743	874
743	872
742	872
742	871
741	871
741	870
739	870
739	869
738	869
738	868
737	868
737	867
736	867
736	866
735	866
735	865
733	865
733	864
732	864
732	863
731	863
731	862
729	862
729	861
728	861
728	860
727	860
727	859
726	859
726	858
725	858
725	857
723	857
723	856
722	856
722	855
720	855
720	854
719	854
719	853
717	853
717	852
716	852
716	851
714	851
714	850
712	850
712	849
711	849
711	848
709	848
709	847
707	847
707	846
705	846
705	845
704	845
704	844
702	844
702	843
699	843
699	842
697	842
697	841
694	841
694	840
692	840
692	839
690	839
690	838
687	838
687	837
685	837
685	836
682	836
682	835
679	835
679	834
675	834
675	833
671	833
671	832
664	832
664	831
659	831
659	832
648	832
648	833
645	833
645	834
642	834
642	835
639	835
639	836
637	836
637	837
635	837
635	838
632	838
632	839
629	839
629	840
626	840
626	841
624	841
624	842
621	842
621	843
617	843
617	844
616	844
616	846
614	846
614	847
615	847
615	849
616	849
616	855
617	855
617	858
618	858
618	861
619	861
619	864
620	864
620	866
621	866
621	869
622	869
622	871
623	871
623	873
624	873
624	876
625	876
625	878
626	878
626	880
627	880
627	882
628	882
628	883
629	883
629	884
630	884
630	886
631	886
631	887
632	887
632	888
634	888
634	889
635	889
635	890
636	890
636	891
637	891
637	892
638	892
638	893
639	893
639	897
640	897
640	896
643	896
643	897
645	897
645	898
646	898
646	899
648	899
648	900
650	900
650	901
652	901
652	902
653	902
653	903
655	903
655	904
656	904
656	905
657	905
657	906
659	906
659	907
661	907
661	908
662	908
662	909
664	909
664	910
665	910
665	911
666	911
666	912
667	912
667	913
669	913
669	914
670	914
670	915
672	915
672	916
673	916
673	917
675	917
675	918
677	918
677	919
678	919
678	920
680	920
680	921
682	921
682	922
683	922
683	923
685	923
685	924
687	924
687	925
689	925
689	926
691	926
691	927
692	927
692	928
694	928
694	929
695	929
695	930
697	930
697	931
699	931
699	932
701	932
701	933
702	933
702	934
704	934
704	935
705	935
705	936
707	936
707	937
708	937
708	938
710	938
710	939
711	939
711	940
712	940
712	941
714	941
714	942
715	942
715	943
717	943
717	944
719	944
719	945
720	945
720	946
721	946
721	947
723	947
723	949
725	949
725	950
726	950
726	951
727	951
727	952
728	952
728	953
729	953
729	954
730	954
730	955
731	955
731	956
732	956
732	957
733	957
733	958
734	958
734	959
736	959
736	960
740	960
740	961
743	961
743	962
747	962
747	963
749	963
749	964
751	964
751	965
752	965
752	966
754	966
754	967
755	967
755	968
757	968
757	969
758	969
758	970
759	970
759	971
760	971
760	972
761	972
761	973
762	973
762	975
763	975
763	978
764	978
764	982
765	982
765	984
757	984
757	985
747	985
747	986
746	986
746	987
748	987
748	988
749	988
749	989
750	989
750	991
751	991
751	992
752	992
752	994
753	994
753	995
754	995
754	997
755	997
755	1000
756	1000
756	1001
757	1001
757	1003
758	1003
758	1004
759	1004
759	1006
760	1006
760	1008
761	1008
761	1009
762	1009
762	1010
763	1010
763	1012
764	1012
764	1013
765	1013
765	1014
766	1014
766	1016
768	1016
768	1017
769	1017
769	1018
770	1018
770	1019
771	1019
771	1020
773	1020
773	1021
774	1021
774	1022
776	1022
776	1023
777	1023
777	1024
778	1024
778	1025
779	1025
779	1027
780	1027
780	1028
781	1028
781	1029
782	1029
782	1032
783	1032
783	1033
784	1033
784	1035
785	1035
785	1037
786	1037
786	1042
787	1042
787	1048
785	1048
785	1047
783	1047
783	1046
769	1046
769	1045
765	1045
765	1046
766	1046
766	1047
767	1047
767	1048
769	1048
769	1049
770	1049
770	1051
771	1051
771	1052
772	1052
772	1054
773	1054
773	1056
774	1056
774	1060
775	1060
775	1067
776	1067
776	1077
777	1077
777	1084
778	1084
778	1089
779	1089
779	1092
780	1092
780	1093
781	1093
781	1097
782	1097
782	1100
783	1100
783	1104
784	1104
784	1106
785	1106
785	1109
786	1109
786	1113
787	1113
787	1117
788	1117
788	1120
789	1120
789	1122
790	1122
790	1124
791	1124
791	1128
792	1128
792	1132
793	1132
793	1136
794	1136
794	1142
793	1142
793	1146
794	1146
794	1153
795	1153
795	1156
796	1156
796	1159
793	1159
793	1160
792	1160
792	1159
790	1159
790	1158
786	1158
786	1157
773	1157
773	1156
768	1156
768	1155
764	1155
764	1154
759	1154
759	1153
756	1153
756	1152
753	1152
753	1151
751	1151
751	1150
748	1150
748	1149
746	1149
746	1148
744	1148
744	1147
740	1147
740	1146
737	1146
737	1145
735	1145
735	1144
732	1144
732	1143
729	1143
729	1142
726	1142
726	1141
723	1141
723	1140
721	1140
721	1139
717	1139
717	1138
713	1138
713	1137
710	1137
710	1136
707	1136
707	1135
706	1135
706	1134
705	1134
705	1133
704	1133
704	1132
703	1132
703	1131
702	1131
702	1139
703	1139
703	1142
702	1142
702	1149
703	1149
703	1150
699	1150
699	1149
696	1149
696	1148
694	1148
694	1147
692	1147
692	1146
690	1146
690	1145
688	1145
688	1144
686	1144
686	1143
684	1143
684	1142
683	1142
683	1141
681	1141
681	1140
680	1140
680	1139
678	1139
678	1138
676	1138
676	1137
674	1137
674	1136
672	1136
672	1135
671	1135
671	1134
669	1134
669	1133
667	1133
667	1132
665	1132
665	1131
664	1131
664	1130
662	1130
662	1129
661	1129
661	1128
660	1128
660	1126
658	1126
658	1134
657	1134
657	1138
656	1138
656	1141
655	1141
655	1142
654	1142
654	1144
653	1144
653	1146
652	1146
652	1150
649	1150
649	1148
648	1148
648	1147
647	1147
647	1146
646	1146
646	1145
645	1145
645	1144
643	1144
643	1143
642	1143
642	1142
641	1142
641	1141
640	1141
640	1139
639	1139
639	1138
638	1138
638	1137
637	1137
637	1136
636	1136
636	1135
635	1135
635	1134
634	1134
634	1133
633	1133
633	1132
632	1132
632	1131
631	1131
631	1130
630	1130
630	1129
629	1129
629	1128
628	1128
628	1127
627	1127
627	1126
626	1126
626	1125
625	1125
625	1124
624	1124
624	1123
622	1123
622	1122
619	1122
619	1121
617	1121
617	1120
615	1120
615	1119
614	1119
614	1118
613	1118
613	1117
611	1117
611	1116
610	1116
610	1114
608	1114
608	1116
607	1116
607	1122
606	1122
606	1126
605	1126
605	1129
604	1129
604	1131
603	1131
603	1134
602	1134
602	1136
601	1136
601	1139
600	1139
600	1141
599	1141
599	1143
598	1143
598	1144
597	1144
597	1146
594	1146
594	1148
591	1148
591	1147
589	1147
589	1146
588	1146
588	1145
585	1145
585	1144
583	1144
583	1143
582	1143
582	1142
580	1142
580	1141
579	1141
579	1140
578	1140
578	1139
576	1139
576	1138
575	1138
575	1137
574	1137
574	1136
573	1136
573	1135
572	1135
572	1134
571	1134
571	1133
570	1133
570	1131
569	1131
569	1130
568	1130
568	1129
567	1129
567	1127
566	1127
566	1126
565	1126
565	1123
564	1123
564	1120
563	1120
563	1117
562	1117
562	1118
561	1118
561	1120
560	1120
560	1121
559	1121
559	1123
558	1123
558	1124
556	1124
556	1123
555	1123
555	1122
554	1122
554	1121
553	1121
553	1119
552	1119
552	1118
551	1118
551	1115
550	1115
550	1113
549	1113
549	1112
548	1112
548	1111
547	1111
547	1110
543	1110
543	1112
542	1112
542	1114
541	1114
541	1117
540	1117
540	1119
539	1119
539	1121
538	1121
538	1123
537	1123
537	1125
536	1125
536	1127
535	1127
535	1128
534	1128
534	1130
533	1130
533	1132
532	1132
532	1134
531	1134
531	1136
530	1136
530	1137
529	1137
529	1139
528	1139
528	1141
527	1141
527	1143
526	1143
526	1145
525	1145
525	1146
524	1146
524	1147
523	1147
523	1148
522	1148
522	1150
521	1150
521	1151
520	1151
520	1153
519	1153
519	1154
513	1154
513	1153
512	1153
512	1152
510	1152
510	1151
509	1151
509	1150
508	1150
508	1149
506	1149
506	1148
505	1148
505	1147
504	1147
504	1146
502	1146
502	1145
501	1145
501	1144
500	1144
500	1142
499	1142
499	1141
498	1141
498	1139
497	1139
497	1137
496	1137
496	1135
495	1135
495	1133
494	1133
494	1130
493	1130
493	1128
492	1128
492	1127
491	1127
491	1125
490	1125
490	1123
489	1123
489	1121
488	1121
488	1119
487	1119
487	1117
486	1117
486	1114
485	1114
485	1116
484	1116
484	1118
483	1118
483	1119
482	1119
482	1120
480	1120
480	1119
479	1119
479	1118
478	1118
478	1117
477	1117
477	1115
476	1115
476	1113
475	1113
475	1104
474	1104
474	1102
472	1102
472	1104
471	1104
471	1105
470	1105
470	1106
469	1106
469	1108
468	1108
468	1109
467	1109
467	1111
464	1111
464	1110
463	1110
463	1108
462	1108
462	1107
461	1107
461	1105
460	1105
460	1102
459	1102
459	1099
458	1099
458	1088
457	1088
457	1084
456	1084
456	1082
455	1082
455	1080
454	1080
454	1077
453	1077
453	1075
452	1075
452	1076
451	1076
451	1077
450	1077
450	1079
449	1079
449	1080
448	1080
448	1082
447	1082
447	1083
446	1083
446	1085
445	1085
445	1086
443	1086
443	1085
442	1085
442	1084
441	1084
441	1083
440	1083
440	1080
439	1080
439	1076
438	1076
438	1073
437	1073
437	1071
436	1071
436	1067
435	1067
435	1059
434	1059
434	1037
433	1037
433	1032
434	1032
434	1031
433	1031
433	1029
434	1029
434	1020
435	1020
435	1009
434	1009
434	1006
433	1006
433	1004
432	1004
432	1002
431	1002
431	1001
430	1001
430	1000
429	1000
429	999
428	999
428	998
426	998
426	997
425	997
425	996
424	996
424	995
422	995
422	994
418	994
418	993
417	993
417	992
416	992
416	991
412	991
412	992
411	992
411	993
409	993
409	994
408	994
408	995
406	995
406	996
403	996
403	997
402	997
402	999
401	999
401	1005
402	1005
402	1009
403	1009
403	1022
402	1022
402	1031
401	1031
401	1040
400	1040
400	1052
401	1052
401	1054
402	1054
402	1056
403	1056
403	1058
404	1058
404	1060
405	1060
405	1063
406	1063
406	1068
405	1068
405	1069
406	1069
406	1071
405	1071
405	1075
404	1075
404	1078
403	1078
403	1081
401	1081
401	1080
400	1080
400	1078
398	1078
398	1077
396	1077
396	1076
394	1076
394	1075
393	1075
393	1074
392	1074
392	1073
391	1073
391	1072
390	1072
390	1071
389	1071
389	1070
388	1070
388	1069
387	1069
387	1068
386	1068
386	1071
385	1071
385	1074
384	1074
384	1076
383	1076
383	1080
382	1080
382	1082
381	1082
381	1086
380	1086
380	1088
379	1088
379	1090
378	1090
378	1093
377	1093
377	1094
376	1094
376	1096
375	1096
375	1098
374	1098
374	1099
373	1099
373	1101
372	1101
372	1102
371	1102
371	1104
370	1104
370	1107
369	1107
369	1111
368	1111
368	1115
367	1115
367	1117
366	1117
366	1119
365	1119
365	1123
364	1123
364	1125
363	1125
363	1128
362	1128
362	1130
361	1130
361	1131
360	1131
360	1133
359	1133
359	1134
358	1134
358	1137
357	1137
357	1141
356	1141
356	1143
355	1143
355	1145
354	1145
354	1147
353	1147
353	1148
352	1148
352	1149
351	1149
351	1150
350	1150
350	1151
349	1151
349	1152
348	1152
348	1153
347	1153
347	1154
346	1154
346	1155
345	1155
345	1156
344	1156
344	1157
343	1157
343	1158
341	1158
341	1159
340	1159
340	1161
337	1161
337	1159
336	1159
336	1158
334	1158
334	1157
333	1157
333	1156
332	1156
332	1155
330	1155
330	1154
328	1154
328	1153
327	1153
327	1152
326	1152
326	1151
325	1151
325	1150
324	1150
324	1149
323	1149
323	1148
322	1148
322	1146
321	1146
321	1145
320	1145
320	1144
319	1144
319	1142
318	1142
318	1141
317	1141
317	1140
316	1140
316	1138
315	1138
315	1137
314	1137
314	1136
313	1136
313	1134
312	1134
312	1132
311	1132
311	1131
310	1131
310	1130
309	1130
309	1128
308	1128
308	1127
307	1127
307	1125
306	1125
306	1124
305	1124
305	1122
304	1122
304	1120
303	1120
303	1116
302	1116
302	1115
301	1115
301	1116
300	1116
300	1117
299	1117
299	1118
298	1118
298	1119
297	1119
297	1120
295	1120
295	1122
294	1122
294	1124
292	1124
292	1123
291	1123
291	1122
290	1122
290	1120
289	1120
289	1118
288	1118
288	1117
287	1117
287	1115
286	1115
286	1114
285	1114
285	1112
284	1112
284	1111
283	1111
283	1108
282	1108
282	1106
281	1106
281	1102
280	1102
280	1100
279	1100
279	1097
278	1097
278	1092
277	1092
277	1091
276	1091
276	1092
275	1092
275	1093
274	1093
274	1094
273	1094
273	1095
272	1095
272	1096
270	1096
270	1097
269	1097
269	1098
266	1098
266	1099
264	1099
264	1100
263	1100
263	1101
259	1101
259	1102
258	1102
258	1105
255	1105
255	1102
254	1102
254	1101
253	1101
253	1097
252	1097
252	1094
251	1094
251	1089
250	1089
250	1076
249	1076
249	1069
247	1069
247	1070
245	1070
245	1071
244	1071
244	1070
243	1070
243	1067
242	1067
242	1058
243	1058
243	1056
244	1056
244	1054
245	1054
245	1052
246	1052
246	1051
244	1051
244	1052
243	1052
243	1053
242	1053
242	1054
240	1054
240	1055
238	1055
238	1056
235	1056
235	1057
234	1057
234	1060
231	1060
231	1057
230	1057
230	1054
229	1054
229	1046
228	1046
228	1045
229	1045
229	1038
230	1038
230	1036
231	1036
231	1032
232	1032
232	1026
231	1026
231	1027
229	1027
229	1028
228	1028
228	1029
226	1029
226	1030
224	1030
224	1031
223	1031
223	1032
218	1032
218	1033
216	1033
216	1034
213	1034
213	1032
212	1032
212	1027
211	1027
211	1022
210	1022
210	1019
211	1019
211	1016
212	1016
212	1013
213	1013
213	1008
214	1008
214	1004
215	1004
215	1000
216	1000
216	997
217	997
217	996
216	996
216	995
213	995
213	993
214	993
214	992
211	992
211	993
207	993
207	994
205	994
205	993
204	993
204	992
203	992
203	990
202	990
202	984
201	984
201	982
202	982
202	978
203	978
203	975
204	975
204	973
205	973
205	970
206	970
206	968
207	968
207	966
208	966
208	964
209	964
209	962
208	962
208	963
207	963
207	964
206	964
206	965
204	965
204	966
202	966
202	967
198	967
198	968
196	968
196	969
193	969
193	970
190	970
190	971
185	971
185	972
184	972
184	973
183	973
183	974
182	974
182	976
179	976
179	974
178	974
178	972
177	972
177	969
176	969
176	965
175	965
175	962
174	962
174	958
173	958
173	945
172	945
172	944
173	944
173	938
174	938
174	936
175	936
175	933
176	933
176	931
177	931
177	929
178	929
178	928
179	928
179	926
180	926
180	925
181	925
181	924
182	924
182	923
183	923
183	921
185	921
185	919
183	919
183	920
180	920
180	919
178	919
178	920
175	920
175	914
176	914
176	912
177	912
177	909
178	909
178	908
179	908
179	906
180	906
180	905
181	905
181	904
183	904
183	903
185	903
185	902
186	902
186	901
188	901
188	900
189	900
189	899
191	899
191	898
192	898
192	897
193	897
193	896
195	896
195	895
197	895
197	894
198	894
198	893
200	893
200	892
193	892
193	893
189	893
189	894
187	894
187	888
188	888
188	886
189	886
189	885
190	885
190	883
192	883
192	881
194	881
194	880
195	880
195	879
196	879
196	878
197	878
197	877
198	877
198	876
199	876
199	875
200	875
200	874
202	874
202	873
204	873
204	872
206	872
206	871
209	871
209	870
211	870
211	869
213	869
213	868
214	868
214	867
216	867
216	866
218	866
218	865
220	865
220	864
221	864
221	863
223	863
223	862
224	862
224	861
226	861
226	860
228	860
228	859
230	859
230	858
231	858
231	857
233	857
233	856
235	856
235	855
237	855
237	854
238	854
238	853
240	853
240	852
242	852
242	851
245	851
245	850
246	850
246	849
248	849
248	848
250	848
250	847
252	847
252	846
254	846
254	845
256	845
256	844
259	844
259	843
261	843
261	842
263	842
263	841
265	841
265	840
267	840
267	839
270	839
270	838
272	838
272	837
273	837
273	836
275	836
275	835
278	835
278	834
281	834
281	833
284	833
284	832
287	832
287	831
290	831
290	830
292	830
292	829
294	829
294	828
296	828
296	827
298	827
298	826
300	826
300	825
302	825
302	824
305	824
305	823
307	823
307	822
309	822
309	821
310	821
310	820
311	820
311	819
313	819
313	818
314	818
314	817
315	817
315	816
317	816
317	815
318	815
318	814
320	814
320	813
321	813
321	812
322	812
322	811
323	811
323	810
324	810
324	809
325	809
325	807
326	807
326	806
327	806
327	805
328	805
328	804
329	804
329	803
330	803
330	801
331	801
331	800
332	800
332	799
333	799
333	798
334	798
334	797
335	797
335	796
336	796
336	794
337	794
337	792
338	792
338	791
339	791
339	788
340	788
340	786
341	786
341	784
342	784
342	782
343	782
343	780
344	780
344	778
345	778
345	776
346	776
346	773
347	773
347	774
348	774
348	772
347	772
347	771
348	771
348	769
349	769
349	766
350	766
350	764
351	764
351	761
352	761
352	757
353	757
353	749
352	749
352	747
351	747
351	745
349	745
349	744
347	744
347	743
346	743
346	742
343	742
343	741
340	741
340	740
338	740
338	739
335	739
335	738
333	738
333	737
331	737
331	736
328	736
328	735
326	735
326	734
322	734
322	733
318	733
318	732
314	732
314	731
309	731
309	730
306	730
306	729
302	729
302	728
299	728
299	727
294	727
294	726
292	726
292	725
288	725
288	724
283	724
283	723
280	723
280	722
278	722
278	721
275	721
275	720
272	720
272	719
263	719
263	718
253	718
253	719
249	719
249	720
245	720
245	721
242	721
242	722
239	722
239	723
237	723
237	724
236	724
236	725
233	725
233	726
231	726
231	727
228	727
228	728
225	728
225	729
222	729
222	730
219	730
219	731
216	731
216	732
214	732
214	733
211	733
211	734
208	734
208	735
206	735
206	736
202	736
202	737
199	737
199	738
197	738
197	739
195	739
195	740
193	740
193	741
192	741
192	742
191	742
191	743
190	743
190	744
188	744
188	745
186	745
186	746
183	746
183	747
180	747
180	748
178	748
178	749
173	749
173	750
168	750
168	751
156	751
156	750
154	750
154	749
153	749
153	748
151	748
151	747
150	747
150	742
151	742
151	741
152	741
152	740
153	740
153	739
154	739
154	737
155	737
155	736
156	736
156	734
157	734
157	732
158	732
158	731
159	731
159	730
160	730
160	729
161	729
161	728
160	728
160	727
159	727
159	728
154	728
154	727
150	727
150	726
146	726
146	725
142	725
142	724
140	724
140	723
138	723
138	722
136	722
136	721
134	721
134	720
122	720
122	719
120	719
120	718
119	718
119	717
118	717
118	716
116	716
116	715
115	715
115	714
114	714
114	713
112	713
112	712
111	712
111	711
110	711
110	709
109	709
109	707
110	707
110	705
111	705
111	706
114	706
114	705
115	705
115	704
117	704
117	703
119	703
119	702
123	702
123	701
130	701
130	700
119	700
119	699
115	699
115	698
113	698
113	697
110	697
110	696
106	696
106	695
103	695
103	694
99	694
99	693
97	693
97	692
95	692
95	691
94	691
94	690
93	690
93	689
92	689
92	686
91	686
91	683
92	683
92	682
93	682
93	681
94	681
94	680
95	680
95	679
97	679
97	678
104	678
104	680
105	680
105	681
106	681
106	678
105	678
105	677
104	677
104	676
103	676
103	675
98	675
98	674
95	674
95	673
94	673
94	672
93	672
93	671
92	671
92	670
90	670
90	668
89	668
89	667
87	667
87	666
86	666
86	665
85	665
85	664
84	664
84	663
83	663
83	662
82	662
82	661
81	661
81	660
80	660
80	659
79	659
79	658
78	658
78	657
77	657
77	656
76	656
76	655
75	655
75	653
74	653
74	651
73	651
73	648
72	648
72	647
71	647
71	643
70	643
70	640
72	640
72	639
76	639
76	638
77	638
77	637
79	637
79	636
80	636
80	635
81	635
81	634
84	634
84	633
85	633
85	632
90	632
90	631
98	631
98	632
103	632
103	633
105	633
105	632
104	632
104	631
103	631
103	630
101	630
101	629
99	629
99	628
96	628
96	627
94	627
94	626
93	626
93	625
91	625
91	624
90	624
90	623
88	623
88	622
87	622
87	621
86	621
86	620
85	620
85	619
84	619
84	618
83	618
83	617
82	617
82	616
81	616
81	615
80	615
80	613
79	613
79	611
80	611
80	610
82	610
82	609
84	609
84	608
87	608
87	607
90	607
90	606
93	606
93	605
91	605
91	604
86	604
86	603
84	603
84	602
82	602
82	601
81	601
81	600
80	600
80	599
79	599
79	598
78	598
78	597
79	597
79	596
80	596
80	595
83	595
83	594
85	594
85	593
86	593
86	592
84	592
84	591
83	591
83	590
81	590
81	589
80	589
80	588
79	588
79	587
78	587
78	586
77	586
77	585
76	585
76	584
75	584
75	582
74	582
74	581
73	581
73	579
72	579
72	577
71	577
71	576
70	576
70	575
69	575
69	573
68	573
68	572
67	572
67	571
66	571
66	570
65	570
65	567
64	567
64	564
63	564
63	559
62	559
62	556
63	556
63	554
62	554
62	552
63	552
63	551
62	551
62	550
61	550
61	547
64	547
64	549
65	549
65	551
67	551
67	550
70	550
70	549
74	549
74	548
78	548
78	547
87	547
87	546
86	546
86	545
85	545
85	542
84	542
84	541
83	541
83	539
82	539
82	536
81	536
81	535
80	535
80	533
79	533
79	532
78	532
78	531
77	531
77	529
76	529
76	527
75	527
75	525
74	525
74	523
73	523
73	521
72	521
72	518
71	518
71	516
72	516
72	514
74	514
74	513
77	513
77	512
87	512
87	513
89	513
89	512
88	512
88	511
87	511
87	510
86	510
86	509
85	509
85	507
84	507
84	506
83	506
83	505
82	505
82	503
81	503
81	498
82	498
82	497
84	497
84	496
83	496
83	495
82	495
82	494
81	494
81	493
80	493
80	491
79	491
79	488
78	488
78	485
77	485
77	483
76	483
76	481
75	481
75	476
74	476
74	473
73	473
73	471
72	471
72	466
71	466
71	462
70	462
70	455
72	455
72	454
78	454
78	453
88	453
88	454
89	454
89	453
90	453
90	452
89	452
89	450
88	450
88	447
87	447
87	446
86	446
86	443
85	443
85	435
86	435
86	433
87	433
87	432
88	432
88	431
92	431
92	430
93	430
93	431
94	431
94	430
96	430
96	431
99	431
99	429
98	429
98	419
99	419
99	413
100	413
100	409
101	409
101	404
102	404
102	386
103	386
103	383
104	383
104	380
105	380
105	376
106	376
106	374
107	374
107	369
119	369
119	370
125	370
125	371
127	371
127	372
129	372
129	373
131	373
131	374
133	374
133	375
135	375
135	376
137	376
137	377
139	377
139	378
141	378
141	379
143	379
143	380
144	380
144	381
146	381
146	382
147	382
147	383
149	383
149	384
150	384
150	385
151	385
151	386
152	386
152	387
153	387
153	388
155	388
155	389
156	389
156	390
157	390
157	391
158	391
158	392
160	392
160	393
162	393
162	394
163	394
163	395
164	395
164	396
165	396
165	397
167	397
167	398
168	398
168	399
169	399
169	400
170	400
170	401
171	401
171	402
173	402
173	403
174	403
174	404
175	404
175	405
176	405
176	406
177	406
177	407
178	407
178	408
179	408
179	409
180	409
180	410
182	410
182	411
183	411
183	412
184	412
184	413
185	413
185	414
186	414
186	415
187	415
187	416
188	416
188	418
189	418
189	419
190	419
190	420
191	420
191	421
192	421
192	414
193	414
193	413
200	413
200	414
203	414
203	415
205	415
205	416
206	416
206	417
207	417
207	418
208	418
208	419
209	419
209	420
210	420
210	422
211	422
211	423
212	423
212	424
213	424
213	425
214	425
214	426
215	426
215	428
216	428
216	438
217	438
217	441
218	441
218	443
219	443
219	445
220	445
220	446
221	446
221	447
222	447
222	448
223	448
223	450
224	450
224	451
225	451
225	452
226	452
226	453
227	453
227	454
228	454
228	456
229	456
229	457
230	457
230	458
231	458
231	459
232	459
232	461
233	461
233	463
234	463
234	464
235	464
235	466
236	466
236	468
237	468
237	469
239	469
239	470
240	470
240	471
244	471
244	472
252	472
252	471
254	471
254	466
255	466
255	463
256	463
256	461
257	461
257	458
258	458
258	457
259	457
259	454
260	454
260	451
261	451
261	440
260	440
260	437
259	437
259	434
258	434
258	431
257	431
257	429
256	429
256	426
255	426
255	423
254	423
254	420
253	420
253	418
252	418
252	415
251	415
251	413
250	413
250	411
249	411
249	409
248	409
248	406
247	406
247	404
246	404
246	402
245	402
245	400
244	400
244	398
243	398
243	396
242	396
242	395
241	395
241	393
240	393
240	391
239	391
239	389
238	389
238	388
237	388
237	387
236	387
236	385
235	385
235	384
234	384
234	382
233	382
233	381
232	381
232	379
231	379
231	378
230	378
230	376
229	376
229	371
228	371
228	367
227	367
227	358
228	358
228	355
231	355
231	356
234	356
234	357
237	357
237	358
239	358
239	359
241	359
241	360
242	360
242	361
244	361
244	359
243	359
243	356
242	356
242	354
241	354
241	352
240	352
240	350
239	350
239	348
238	348
238	346
237	346
237	344
236	344
236	343
235	343
235	340
234	340
234	336
233	336
233	331
232	331
232	329
233	329
233	328
234	328
234	327
235	327
235	326
236	326
236	327
241	327
241	328
246	328
246	329
248	329
248	330
249	330
249	327
248	327
248	320
247	320
247	311
246	311
246	304
247	304
247	302
248	302
248	301
250	301
250	302
252	302
252	303
253	303
253	304
256	304
256	294
257	294
257	285
258	285
258	281
259	281
259	277
260	277
260	275
261	275
261	272
262	272
262	270
263	270
263	268
264	268
264	265
265	265
265	264
266	264
266	263
267	263
267	262
268	262
268	261
269	261
269	259
272	259
272	263
273	263
273	264
275	264
275	265
279	265
279	266
281	266
281	267
283	267
283	268
285	268
285	269
287	269
287	270
289	270
289	271
291	271
291	272
292	272
292	273
293	273
293	274
295	274
295	275
296	275
296	276
297	276
297	277
298	277
298	278
300	278
300	279
301	279
301	280
302	280
302	281
303	281
303	282
304	282
304	283
305	283
305	284
306	284
306	285
307	285
307	286
308	286
308	288
309	288
309	289
311	289
311	284
312	284
312	264
313	264
313	262
314	262
314	261
315	261
315	258
316	258
316	257
318	257
318	256
320	256
320	257
322	257
322	258
324	258
324	259
325	259
325	260
327	260
327	261
328	261
328	263
330	263
330	261
329	261
329	256
328	256
328	250
327	250
327	244
328	244
328	241
329	241
329	240
334	240
334	241
336	241
336	242
337	242
337	243
339	243
339	241
338	241
338	230
339	230
339	227
340	227
340	225
341	225
341	223
342	223
342	221
343	221
343	219
344	219
344	217
345	217
345	215
346	215
346	214
347	214
347	213
348	213
348	212
349	212
349	211
350	211
350	210
351	210
351	209
352	209
352	208
353	208
353	207
354	207
354	206
357	206
357	204
360	204
360	206
362	206
362	207
363	207
363	209
365	209
365	210
366	210
366	211
368	211
368	212
369	212
369	213
370	213
370	214
371	214
371	215
372	215
372	216
373	216
373	217
374	217
374	219
375	219
375	220
376	220
376	221
377	221
377	223
378	223
378	224
379	224
379	225
380	225
380	223
379	223
379	218
380	218
380	217
379	217
379	214
380	214
380	211
381	211
381	209
382	209
382	208
383	208
383	207
386	207
386	208
390	208
390	209
392	209
392	210
393	210
393	211
395	211
395	212
396	212
396	214
398	214
398	212
397	212
397	211
398	211
398	206
399	206
399	202
400	202
400	200
401	200
401	198
402	198
402	197
403	197
403	195
404	195
404	192
405	192
405	189
406	189
406	187
407	187
407	186
408	186
408	183
409	183
409	182
410	182
410	181
411	181
411	179
412	179
412	178
413	178
413	177
414	177
414	175
417	175
417	178
419	178
419	179
421	179
421	180
423	180
423	181
424	181
424	182
426	182
426	183
427	183
427	184
428	184
428	185
429	185
429	186
430	186
430	187
431	187
431	188
432	188
432	190
433	190
433	193
434	193
434	195
435	195
435	197
436	197
436	198
437	198
437	196
438	196
438	192
439	192
439	191
440	191
440	189
441	189
441	188
442	188
442	186
443	186
443	185
444	185
444	184
445	184
445	183
446	183
446	181
447	181
447	180
448	180
448	179
449	179
449	178
450	178
450	176
451	176
451	175
452	175
452	173
453	173
453	172
454	172
454	171
455	171
455	170
456	170
456	169
457	169
457	168
458	168
458	167
459	167
459	166
460	166
460	165
461	165
461	164
462	164
462	163
463	163
463	162
465	162
465	161
466	161
466	160
468	160
468	159
470	159
470	158
472	158
472	159
473	159
473	160
472	160
472	161
473	161
473	163
474	163
474	164
475	164
475	165
476	165
476	167
477	167
477	170
478	170
478	172
479	172
479	171
480	171
480	168
481	168
481	166
482	166
482	165
483	165
483	164
484	164
484	163
485	163
485	162
487	162
487	161
488	161
488	160
490	160
490	159
491	159
491	158
492	158
492	157
493	157
493	156
494	156
494	155
495	155
495	154
496	154
496	153
497	153
497	152
498	152
498	151
499	151
499	150
501	150
501	149
502	149
502	148
503	148
503	147
504	147
504	146
505	146
505	144
506	144
506	143
507	143
507	141
508	141
508	140
509	140
509	138
510	138
510	136
511	136
511	134
512	134
512	133
513	133
513	131
514	131
514	130
515	130
515	127
516	127
516	125
517	125
517	122
518	122
518	120
519	120
519	118
520	118
520	116
521	116
521	114
522	114
522	113
523	113
523	111
524	111
524	108
525	108
525	107
526	107
526	105
527	105
527	104
528	104
528	103
530	103
530	102
531	102
531	101
534	101
534	102
538	102
538	103
542	103
542	104
545	104
545	105
546	105
546	106
547	106
547	107
548	107
548	108
549	108
549	110
550	110
550	111
551	111
551	112
552	112
552	114
553	114
553	115
554	115
554	117
555	117
555	119
556	119
556	121
557	121
557	123
558	123
558	125
559	125
559	127
560	127
560	128
561	128
561	130
562	130
562	133
563	133
563	135
564	135
564	138
565	138
565	141
566	141
566	144
567	144
567	147
568	147
568	150
569	150
569	153
570	153
570	156
571	156
571	159
572	159
572	167
573	167
573	170
574	170
574	173
575	173
575	176
576	176
576	180
577	180
577	182
578	182
578	185
579	185
579	187
580	187
580	190
581	190
581	193
582	193
582	196
583	196
583	199
584	199
584	210
586	210
586	209
588	209
588	208
591	208
591	207
593	207
593	206
595	206
595	205
600	205
600	206
599	206
599	207
601	207
601	210
602	210
602	221
601	221
601	225
600	225
600	227
599	227
599	232
598	232
598	235
597	235
597	239
598	239
598	253
599	253
599	262
600	262
600	265
599	265
599	270
598	270
598	276
597	276
597	281
599	281
599	280
601	280
601	279
604	279
604	278
608	278
608	277
610	277
610	275
612	275
612	277
613	277
613	279
614	279
614	293
613	293
613	297
612	297
612	300
611	300
611	302
610	302
610	303
609	303
609	305
608	305
608	306
607	306
607	307
606	307
606	309
605	309
605	311
604	311
604	313
603	313
603	316
602	316
602	318
601	318
601	321
600	321
600	323
599	323
599	325
598	325
598	329
597	329
597	331
596	331
596	334
595	334
595	337
594	337
594	341
593	341
593	343
592	343
592	347
591	347
591	349
590	349
590	352
589	352
589	354
588	354
588	356
587	356
587	359
586	359
586	362
585	362
585	365
584	365
584	367
583	367
583	368
582	368
582	371
581	371
581	373
580	373
580	375
579	375
579	378
578	378
578	380
577	380
577	381
576	381
576	383
575	383
575	384
574	384
574	386
573	386
573	388
572	388
572	389
571	389
571	391
570	391
570	392
569	392
569	393
568	393
568	394
567	394
567	396
566	396
566	398
565	398
565	399
564	399
564	400
563	400
563	402
562	402
562	404
561	404
561	405
560	405
560	407
559	407
559	409
558	409
558	411
557	411
557	413
556	413
556	415
555	415
555	418
554	418
554	421
553	421
553	426
552	426
552	434
551	434
551	442
550	442
550	448
551	448
551	451
552	451
552	453
553	453
553	455
554	455
554	458
555	458
555	461
556	461
556	463
557	463
557	464
558	464
558	467
559	467
559	470
560	470
560	473
561	473
561	476
564	476
564	475
565	475
565	474
573	474
573	473
591	473
591	472
595	472
595	471
597	471
597	470
600	470
600	469
602	469
602	468
605	468
605	467
607	467
607	466
608	466
608	465
609	465
609	464
610	464
610	463
611	463
611	462
612	462
612	461
613	461
613	460
614	460
614	459
615	459
615	458
616	458
616	457
617	457
617	456
618	456
618	454
619	454
619	453
620	453
620	452
621	452
621	451
622	451
622	449
623	449
623	448
624	448
624	446
625	446
625	444
626	444
626	442
627	442
627	440
628	440
628	439
629	439
629	437
630	437
630	435
631	435
631	433
632	433
632	431
633	431
633	429
634	429
634	427
635	427
635	426
636	426
636	423
637	423
637	420
638	420
638	417
639	417
639	416
640	416
640	413
641	413
641	411
642	411
642	409
643	409
643	406
644	406
644	403
645	403
645	401
646	401
646	399
647	399
647	396
648	396
648	395
649	395
649	393
650	393
650	391
651	391
651	388
652	388
652	387
653	387
653	385
654	385
654	384
655	384
655	383
656	383
656	381
659	381
659	380
660	380
660	379
663	379
663	378
664	378
664	379
665	379
665	380
664	380
664	384
665	384
665	392
667	392
667	390
668	390
668	389
669	389
669	388
670	388
670	387
671	387
671	386
672	386
672	385
673	385
673	384
674	384
674	383
675	383
675	382
676	382
676	381
677	381
677	379
678	379
678	377
679	377
679	376
680	376
680	374
681	374
681	372
682	372
682	371
683	371
683	370
684	370
684	369
685	369
685	368
686	368
686	367
688	367
688	366
692	366
692	368
693	368
693	369
694	369
694	371
695	371
695	372
696	372
696	376
697	376
697	375
698	375
698	374
699	374
699	373
700	373
700	372
701	372
701	371
702	371
702	370
703	370
703	369
704	369
704	368
705	368
705	367
706	367
706	366
708	366
708	365
709	365
709	364
710	364
710	363
711	363
711	362
712	362
712	361
713	361
713	360
714	360
714	359
715	359
715	358
716	358
716	357
717	357
717	356
718	356
718	355
720	355
720	354
721	354
721	353
722	353
722	352
724	352
724	351
725	351
725	350
727	350
727	349
729	349
729	348
731	348
731	347
732	347
732	346
734	346
734	345
735	345
735	344
738	344
738	343
739	343
739	342
741	342
741	341
743	341
743	340
745	340
745	339
747	339
747	338
749	338
749	337
750	337
750	336
752	336
752	335
754	335
754	334
755	334
755	333
757	333
757	332
759	332
759	331
760	331
760	330
761	330
761	329
763	329
763	328
765	328
765	329
768	329
768	332
769	332
769	337
770	337
770	340
771	340
771	343
772	343
772	347
773	347
773	355
774	355
774	359
775	359
775	367
776	367
776	374
777	374
777	391
776	391
776	397
775	397
775	398
774	398
774	400
775	400
775	399
777	399
777	398
778	398
778	397
779	397
779	396
781	396
781	395
783	395
783	394
785	394
785	393
787	393
787	392
789	392
789	391
793	391
793	390
797	390
797	395
798	395
798	408
799	408
799	407
800	407
800	405
801	405
801	404
802	404
802	403
803	403
803	402
804	402
804	401
806	401
806	400
808	400
808	399
810	399
810	398
812	398
812	397
815	397
815	396
820	396
820	395
827	395
827	394
830	394
830	393
844	393
844	394
846	394
846	395
849	395
849	396
851	396
851	397
852	397
852	398
851	398
851	399
850	399
850	401
851	401
851	400
853	400
853	398
856	398
856	401
854	401
854	407
853	407
853	412
852	412
852	415
851	415
851	419
850	419
850	422
849	422
849	423
848	423
848	424
851	424
851	423
852	423
852	422
854	422
854	421
856	421
856	420
857	420
857	419
861	419
861	418
877	418
877	419
879	419
879	421
878	421
878	432
881	432
881	431
882	431
882	430
883	430
883	429
885	429
885	428
889	428
889	427
894	427
894	426
896	426
896	425
898	425
898	424
900	424
900	423
904	423
904	422
908	422
908	421
912	421
912	420
915	420
915	419
920	419
920	418
930	418
930	419
936	419
936	418
939	418
939	420
940	420
940	421
941	421
941	423
940	423
940	424
939	424
939	425
938	425
938	432
937	432
937	433
938	433
938	437
937	437
937	442
936	442
936	445
935	445
935	449
934	449
934	453
933	453
933	455
932	455
932	456
935	456
935	455
936	455
936	454
938	454
938	453
941	453
941	452
946	452
946	451
950	451
950	450
954	450
954	449
960	449
960	448
965	448
965	447
981	447
981	448
982	448
982	449
981	449
981	452
980	452
980	455
979	455
979	459
978	459
978	463
977	463
977	467
976	467
976	469
975	469
975	471
976	471
976	470
978	470
978	469
993	469
993	470
999	470
999	471
1003	471
1003	472
1010	472
1010	473
1019	473
1019	475
1018	475
1018	478
1017	478
1017	480
1016	480
1016	481
1022	481
1022	482
1025	482
1025	483
1027	483
1027	484
1029	484
1029	485
1031	485
1031	486
1033	486
1033	487
1035	487
1035	488
1038	488
1038	489
1041	489
1041	490
1044	490
1044	491
1048	491
1048	492
1051	492
1051	493
1054	493
1054	494
1060	494
1060	495
1063	495
1063	496
1067	496
1067	497
1068	497
1068	496
1069	496
1069	497
1074	497
1074	498
1078	498
1078	499
1080	499
1080	500
1082	500
1082	501
1084	501
1084	502
1085	502
1085	503
1086	503
1086	504
1088	504
1088	505
1090	505
1090	506
1091	506
1091	507
1093	507
1093	508
1096	508
1096	509
1098	509
1098	510
1100	510
1100	511
1102	511
1102	512
1104	512
1104	513
1105	513
1105	514
1106	514
1106	516
1107	516
1107	517
1108	517
1108	518
1109	518
1109	520
1110	520
1110	524
1109	524
