1.585977799881282957e-01 7.108178279703114555e-03
3.205423197703086147e-01 3.298172945061086381e-01
5.192722085716210412e-01 6.579422634030795969e-01
7.106814111573565018e-01 1.000206862782508921e+00
8.988536240467281946e-01 1.346059375973313710e+00
9.167889648679008463e-01 1.738548367822203122e+00
8.826133281574901623e-01 2.106567373282125732e+00
8.437740585459925224e-01 2.484599689411063128e+00
7.764860232874715162e-01 2.847776803087604502e+00
8.961830936416352866e-01 3.219754222638435248e+00
1.162093844340659876e+00 2.999555498993680569e+00
1.333317009052342517e+00 3.297021071261865277e+00
1.542280855697675701e+00 3.620266548301750209e+00
1.761100165187172495e+00 3.613072583224782530e+00
1.801693153127680747e+00 3.495267631162473077e+00
1.996230232106026126e+00 3.825175790885530613e+00
2.258096708365949556e+00 3.786899271457161209e+00
2.330434498949654376e+00 3.783458091984142957e+00
2.637831768348379402e+00 3.978378174002339396e+00
3.008736809598558715e+00 3.894141338080253423e+00
3.047245005553295805e+00 3.750266088056795066e+00
3.019197084693600708e+00 3.585612123374361193e+00
2.968110501226989051e+00 3.462351552209092187e+00
3.067097486602334389e+00 3.571236493422263347e+00
3.179041632313909016e+00 3.663952302627063506e+00
3.302436321935993568e+00 3.745849761307948445e+00
3.428823342319024192e+00 3.755058289244358694e+00
3.439567172787617366e+00 3.605741990187357526e+00
3.487781898591032270e+00 3.592525455100556098e+00
3.583069579113995928e+00 3.701250936419129278e+00
3.661184428353439380e+00 3.657330385349038426e+00
3.741169632300070269e+00 3.634133404114884502e+00
3.864633215402518474e+00 3.714338017228797195e+00
4.007519794105025568e+00 3.756077723832583093e+00
4.138501658701629005e+00 3.818678310297160206e+00
4.298894502743956458e+00 3.814891963179473766e+00
4.439827552392698884e+00 3.789376072554456076e+00
4.497650309901017884e+00 3.742886150461564032e+00
4.441801928950396494e+00 3.667555241439105718e+00
4.440777868677122875e+00 3.538276064770441653e+00
4.421266283716559720e+00 3.404627318689298132e+00
4.502858729639794610e+00 3.388202186029093621e+00
4.628482869994807736e+00 3.415091991203413446e+00
4.742257250652611944e+00 3.451709940110602393e+00
4.859725969735647411e+00 3.482780305910941454e+00
4.977732884517369172e+00 3.479620853974961125e+00
5.015113117345359584e+00 3.369202533582552395e+00
4.977250898236578180e+00 3.226750929003455948e+00
5.014286141401656849e+00 3.220387370193406706e+00
5.128882095371086081e+00 3.257974880462831901e+00
5.232784841026162148e+00 3.213190224923157867e+00
5.328400196342671258e+00 3.237612686865816602e+00
5.453897718217686652e+00 3.253691750533814098e+00
5.582224597157934731e+00 3.254152412718826159e+00
5.709093283094438753e+00 3.271076504910273020e+00
5.844358070559684037e+00 3.252092685550402873e+00
5.960735769711166476e+00 3.220461860902296802e+00
5.949266585039194588e+00 3.116024287152385330e+00
5.937742964418231573e+00 3.011388994086104720e+00
5.907432154673242231e+00 2.921313622411398914e+00
5.989881405876481324e+00 2.917218143612247960e+00
6.086577462648083525e+00 2.929364083577949085e+00
6.195024873936260335e+00 2.912591675518084511e+00
6.263138757144889546e+00 2.841985113736523960e+00
6.247782503901215811e+00 2.756341836275348900e+00
6.224951176756634119e+00 2.669746126980843126e+00
6.325315412419313610e+00 2.652021701089342987e+00
6.420588644963212133e+00 2.609748611789286965e+00
6.516745399890000456e+00 2.564748330332425663e+00
6.611638359578759783e+00 2.521337966813925302e+00
6.710574017464067786e+00 2.476814570351248523e+00
6.823016020165693973e+00 2.445857113912213610e+00
6.930850199119759303e+00 2.412251553409997751e+00
7.012278842696849424e+00 2.358921448161145573e+00
7.092397919303839338e+00 2.302553079785816248e+00
7.180682684727225151e+00 2.252422684017979737e+00
7.109601522135159613e+00 2.057025341150553910e+00
7.015945810293924723e+00 1.905193578910625352e+00
6.897133700903031794e+00 1.780550517584223780e+00
6.775785800197506425e+00 1.660695551170893847e+00
6.636473143364113092e+00 1.564214221598515309e+00
6.500705588080802677e+00 1.462539397646018369e+00
6.364846705374420210e+00 1.360921328670918751e+00
6.218374809198979669e+00 1.268372752256615055e+00
6.074720937072154214e+00 1.177928894627998435e+00
6.037569465263289636e+00 1.106500930092188195e+00
6.048612891126089686e+00 9.619680997185691140e-01
5.923641763245548475e+00 8.453142312037980055e-01
5.765017499997858508e+00 7.839963046256537282e-01
5.578771271008369226e+00 8.010696180329266447e-01
5.411061270191553696e+00 7.594463307740126901e-01
5.252569631879199896e+00 6.996954728444086946e-01
5.092027331343380148e+00 6.317419998172866258e-01
4.948262756929089790e+00 5.474891422268695074e-01
4.900119937516572932e+00 3.726273915172568785e-01
5.087421570212757871e+00 2.407976301746375114e-01
5.300634309490678930e+00 1.167630739255107741e-01
5.541570020506168426e+00 1.195668073917950380e-01
5.776778692196595344e+00 1.412318032472605900e-01
6.012914985415444669e+00 1.799259047485337604e-01
6.241856442084411150e+00 2.275780153701409958e-01
6.463440753682612616e+00 2.978704226406576616e-01
6.701729471197207744e+00 3.186874223546389828e-01
6.833903885224110297e+00 1.767337805606885581e-01
6.744827023781597042e+00 2.758546744218781654e-02
6.976393451366982745e+00 6.647849242250059021e-02
7.225327885345482315e+00 7.092504164988477910e-02
7.243806231461232592e+00 -9.227600013389114508e-02
7.320340126455639584e+00 -2.146024999166540326e-01
7.580784001243424441e+00 -2.517387365190613124e-01
7.587354167712283548e+00 -4.263926081267244150e-01
7.842696014503275137e+00 -5.139776511583575846e-01
8.053288582047880340e+00 -6.417995071780977501e-01
8.202319642429845459e+00 -8.170632605649306157e-01
8.130344081096675168e+00 -8.901495500687379714e-01
8.030902756920177410e+00 -1.016275335806740898e+00
7.925129960325111078e+00 -1.133744910368291281e+00
7.797259245270267591e+00 -1.221044834853348915e+00
7.668412324141396397e+00 -1.309267576149661050e+00
7.607323221935823554e+00 -1.382537852591110505e+00
7.774780408528339848e+00 -1.445926550179010395e+00
7.956584210721328709e+00 -1.497287014950713147e+00
8.052588079229286322e+00 -1.612029444777823839e+00
7.969969066261906931e+00 -1.726292651938221345e+00
7.964058715990361748e+00 -1.791874988547402570e+00
8.132493474259089083e+00 -1.803679337170269514e+00
8.269216487239477331e+00 -1.892460373006628060e+00
8.184460932863212079e+00 -2.025400956227713767e+00
8.362152055510939874e+00 -2.057038258636137318e+00
8.491335790364676228e+00 -2.153440173357160869e+00
8.602055498625098551e+00 -2.261364295228244004e+00
8.683365598686778597e+00 -2.395350869739004906e+00
8.702285480315282484e+00 -2.530942515190726549e+00
8.620262195724743393e+00 -2.563585517535700298e+00
8.550926454958149847e+00 -2.628168226886173464e+00
8.467602039166074235e+00 -2.678610759373057704e+00
8.379144600013624711e+00 -2.718527550186969233e+00
8.290903748646559990e+00 -2.755386373992342097e+00
8.389316040633335803e+00 -2.773181437706961461e+00
8.468641726847188522e+00 -2.809004121078166882e+00
8.549054309244992211e+00 -2.871530889858691094e+00
8.529378885604147698e+00 -2.956466792266872368e+00
8.470219026258481776e+00 -3.034117070945718808e+00
8.390562766667748917e+00 -3.083988287829963593e+00
8.463540286247731359e+00 -3.122022264832083671e+00
8.559158130773942830e+00 -3.165632203155725577e+00
8.626378717914791494e+00 -3.232949905580854377e+00
8.703550267168616017e+00 -3.292019791795408601e+00
8.779852206951110460e+00 -3.350019713925782128e+00
8.846021710246599667e+00 -3.419499214861824399e+00
8.901239060587039731e+00 -3.496585808127396611e+00
8.919236757065842625e+00 -3.575889768027562088e+00
8.782543609056082445e+00 -3.669210868107116941e+00
8.635178566365260266e+00 -3.756950525017201947e+00
8.476969802776123331e+00 -3.799815083701345131e+00
8.610610759953093662e+00 -3.911353678220830243e+00
8.712556000414627633e+00 -4.052608853145265755e+00
8.819707334505876517e+00 -4.186811107413018540e+00
8.909802202179820441e+00 -4.336421307645749401e+00
8.957333912196618897e+00 -4.501362343324840865e+00
8.834015424764150026e+00 -4.555249418846123888e+00
8.726338722938502102e+00 -4.611704571362805538e+00
8.832746666631734911e+00 -4.742462433579941461e+00
8.901110214322436320e+00 -4.901952576572037756e+00
8.972285743470289177e+00 -5.058783084101822425e+00
9.083171097540009953e+00 -5.195705440043228762e+00
9.208495168336979120e+00 -5.315108307119857045e+00
9.337973139090205876e+00 -5.435775293892023186e+00
9.459626046211139894e+00 -5.556488639873585100e+00
9.584467572740582142e+00 -5.676755037309771268e+00
9.564755765847738900e+00 -5.845037858077999360e+00
9.264798313106753724e+00 -6.039005738733097317e+00
8.884531155601154140e+00 -6.107155818890955601e+00
8.503521772213245455e+00 -6.126594789230688676e+00
8.106726873775437880e+00 -6.124707284294009568e+00
7.718034306306109649e+00 -6.131686647737888407e+00
7.612455411669573735e+00 -6.364645428811942729e+00
7.246326651784857908e+00 -6.261083880755514919e+00
6.851768019836329771e+00 -6.152454263995628558e+00
6.460661603801534092e+00 -6.010206113435311082e+00
6.364728011028096155e+00 -6.277630203559361632e+00
5.998696099857044217e+00 -6.090432055446683535e+00
5.715570578656431699e+00 -5.834476961904702108e+00
5.393824366039525309e+00 -5.612778217111898726e+00
5.095296771375220857e+00 -5.378195382601798968e+00
4.809722861513535896e+00 -5.122532829942896271e+00
4.568970254075736648e+00 -4.836181296124490103e+00
4.238344533324132080e+00 -4.620556874514164747e+00
3.852760786500569079e+00 -4.531682714861227979e+00
3.458817230729112069e+00 -4.561498422701152577e+00
3.431381571051105084e+00 -4.836485204521935088e+00
3.383853695037097875e+00 -5.134673031210112093e+00
3.433456240993201902e+00 -5.393968081242245916e+00
3.577374231359141454e+00 -5.618504895599184756e+00
3.750464785986399985e+00 -5.813028847508628694e+00
3.948081278516296422e+00 -5.992539604263020792e+00
4.160426390837840493e+00 -6.154709304225269406e+00
4.370305188619971304e+00 -6.326053683248224146e+00
4.560168588158426850e+00 -6.509483524439383828e+00
4.452289704144146931e+00 -6.632608363978750532e+00
4.424090220217295588e+00 -6.754128043421184557e+00
4.592406041043207487e+00 -6.952837798982450579e+00
4.582724265520520923e+00 -7.169769955175617326e+00
4.531865733800664486e+00 -7.308261742176071607e+00
4.656669060753030109e+00 -7.545282413508211050e+00
4.752806679778027288e+00 -7.786912315672587681e+00
4.815128285065428670e+00 -8.041901944482450659e+00
4.881571269282985348e+00 -8.301053443344756033e+00
4.884663183221563010e+00 -8.531952410330644554e+00
4.723699138750392379e+00 -8.522760088154411662e+00
4.575103367595739101e+00 -8.533147099323288742e+00
4.406397683600073556e+00 -8.503983661831652441e+00
4.245850315670876896e+00 -8.494350864203848772e+00
4.079426259388380771e+00 -8.465815602917221128e+00
3.905763245189093347e+00 -8.418002818833215883e+00
3.766187903913503554e+00 -8.345025675154154499e+00
3.773721958470630522e+00 -8.418944975654572005e+00
3.803168352962588372e+00 -8.565199325720897150e+00
3.795810416988507185e+00 -8.723551484757601671e+00
3.632395452581778983e+00 -8.705713835705283898e+00
3.510978202161399331e+00 -8.703371972636929854e+00
3.583677015979949143e+00 -8.830039440189324296e+00
3.604457945662605578e+00 -8.979112864315357712e+00
3.595019285229257289e+00 -9.138955097603199462e+00
3.586474853339268076e+00 -9.295549362231662727e+00
3.537301190213224977e+00 -9.468496480504823509e+00
3.434730679393026342e+00 -9.582134225384379533e+00
3.415483131084689816e+00 -9.602717167958234157e+00
3.345266321598492354e+00 -9.594593512470495966e+00
3.231414844197957326e+00 -9.545963502626694464e+00
3.127070476075348715e+00 -9.482666485924841737e+00
3.035694319767101135e+00 -9.414913327820766398e+00
3.030112768553486990e+00 -9.502241351715928985e+00
3.049283965504431038e+00 -9.614429793584628570e+00
3.032619213650925349e+00 -9.737738426079726395e+00
2.996376082070595803e+00 -9.869378772795426968e+00
2.912732809463235650e+00 -9.890336624002005195e+00
2.781092462747536409e+00 -9.854093492421677425e+00
2.782296986245842874e+00 -9.941543113541328580e+00
2.789263680108120091e+00 -1.005625231747403525e+01
2.790556264033912104e+00 -1.017748766836576912e+01
2.793516167980304221e+00 -1.029229650518486672e+01
2.795969969847083902e+00 -1.040894357866643638e+01
2.796844630489089933e+00 -1.053132632368845734e+01
2.780294733261061246e+00 -1.065421778741086989e+01
2.730662786195395597e+00 -1.077170844712050268e+01
2.705157259928239633e+00 -1.088754142812222270e+01
2.496855972550162672e+00 -1.081134974897348755e+01
2.294137751490873622e+00 -1.070721226186811847e+01
2.135560946406176885e+00 -1.067886706144247100e+01
2.141431165059172859e+00 -1.092020378877169229e+01
2.124337493229699447e+00 -1.117705678794348856e+01
2.057031707192388481e+00 -1.143504884430816482e+01
1.854748657266486633e+00 -1.132750291792693886e+01
1.722739368694615525e+00 -1.129364248782464841e+01
1.634797410912155247e+00 -1.155028070111318073e+01
1.527734260580950298e+00 -1.179054249675107791e+01
1.385155582717864320e+00 -1.187231028240140418e+01
1.257017159425481978e+00 -1.203827044998059392e+01
1.106691315480844873e+00 -1.221325820355333924e+01
9.818888623598371890e-01 -1.241502421538704581e+01
8.848851617704749373e-01 -1.263318846521344163e+01
7.472553052845953836e-01 -1.282937663563565067e+01
5.801554201839291824e-01 -1.299526126362740541e+01
4.048647635717669280e-01 -1.314273516966362898e+01
2.032594225446301972e-01 -1.310860616552195879e+01
1.947941098573646723e-02 -1.294918333742353411e+01
-4.074827518306695096e-02 -1.270693073517125349e+01
-1.552567757300545304e-01 -1.248534656069496940e+01
-2.741357771739225124e-01 -1.227236498484016813e+01
-3.878153168021602482e-01 -1.204604484010538279e+01
-4.985568620628692549e-01 -1.182813637564498777e+01
-6.942473445336130311e-01 -1.191074683170385384e+01
-8.508950448175232051e-01 -1.184488551560485803e+01
-9.627320307651738851e-01 -1.163042557311150915e+01
-1.035460016868310351e+00 -1.139261387737928644e+01
-1.068837776545922491e+00 -1.113716785427755518e+01
-1.219894810334041457e+00 -1.124151205193802028e+01
-1.455186787087444422e+00 -1.131500760564007102e+01
-1.573085859620716898e+00 -1.112698723238984400e+01
-1.603965548090281690e+00 -1.087717738098791109e+01
-1.635851998212774605e+00 -1.062267368785477117e+01
-1.726383501751366012e+00 -1.039340151761958531e+01
-1.966381192109064813e+00 -1.046560149742202839e+01
-2.183474110744997976e+00 -1.053998310992576037e+01
-2.203394494306691431e+00 -1.042399739181354512e+01
-2.245820115534577610e+00 -1.032402140194343687e+01
-2.268290771286223695e+00 -1.021587767782500045e+01
-2.287962909735483219e+00 -1.010336402568631264e+01
-2.310601576088676889e+00 -9.997251507641022883e+00
-2.295415199512479631e+00 -9.876396141790499072e+00
-2.321594184222065316e+00 -9.786058985290116752e+00
-2.419779210242036793e+00 -9.830397201791775785e+00
-2.523625552937665883e+00 -9.862784413094050961e+00
-2.576075390404779064e+00 -9.768674588115816348e+00
-2.579135442138572376e+00 -9.654229502685780062e+00
-2.563432584918400092e+00 -9.534414611970568387e+00
-2.547035820405193274e+00 -9.412079348631337439e+00
-2.580864486314203177e+00 -9.346610543119862058e+00
-2.675596291444325647e+00 -9.388831487237718321e+00
-2.773005145402937188e+00 -9.431150938304305953e+00
-2.879525201311535554e+00 -9.453677401607505359e+00
-2.991120016294531059e+00 -9.474806685660871253e+00
-3.094804835737594129e+00 -9.498113744357848276e+00
-3.170424940421674886e+00 -9.442505491058485134e+00
-3.170427365899245231e+00 -9.290372933022997159e+00
-3.182557316759212274e+00 -9.146413608427135244e+00
-3.156022821506232034e+00 -8.987256626563494777e+00
-3.129916595155791459e+00 -8.829655179896715111e+00
-3.091006141597202106e+00 -8.688326730229913863e+00
-3.082120653193222815e+00 -8.635744032660820579e+00
-3.227153848765013322e+00 -8.649304107579638412e+00
-3.327237429973660010e+00 -8.604655966431256076e+00
-3.299682848870315155e+00 -8.445944740072373946e+00
-3.230767826732334314e+00 -8.317044099489599773e+00
-3.292170274579758527e+00 -8.285353078389638526e+00
-3.431539816387922048e+00 -8.317305252820277772e+00
-3.559592185201775560e+00 -8.367647933152214890e+00
-3.695332994289017847e+00 -8.399229340988929593e+00
-3.839981602885586209e+00 -8.411442792016348591e+00
-3.983341542635011390e+00 -8.423826523317094583e+00
-4.133342447004261011e+00 -8.417097370932159706e+00
-4.250008800788616092e+00 -8.440626417657142611e+00
-4.263776664852971798e+00 -8.120918120305178789e+00
-4.223313275374302123e+00 -7.778645989906999958e+00
-4.122949299348928953e+00 -7.450978754968359041e+00
-4.346343514068498948e+00 -7.346592302293245780e+00
-4.195750946522082359e+00 -7.050737385382506162e+00
-4.143360241269339106e+00 -6.858093380922129612e+00
-4.321520340209094257e+00 -6.691412528821985006e+00
-4.108996394683274822e+00 -6.470652060501640435e+00
-3.904066212855522355e+00 -6.242415116533409858e+00
-3.832627712743841730e+00 -6.010922268657643563e+00
-3.899154460548369006e+00 -5.847895994241068429e+00
-3.648052506763945324e+00 -5.678668822545736461e+00
-3.392480452140896219e+00 -5.506280924064034465e+00
-3.170642328001250121e+00 -5.294385754281995204e+00
-2.966150107308890949e+00 -5.056849952467778131e+00
-2.779254358813897152e+00 -4.793686643523829893e+00
-2.674036363923180115e+00 -4.474299340528087754e+00
-2.677422061435386524e+00 -4.151948537679544415e+00
-2.703537536572191868e+00 -3.828094066597516942e+00
-3.058835650213669766e+00 -3.786847991061699670e+00
-3.441028489263180834e+00 -3.866000437276606583e+00
-3.722829976551659481e+00 -4.077422956720041292e+00
-4.017714976194952214e+00 -4.329025144562768546e+00
-4.297536076769999269e+00 -4.595343938138944040e+00
-4.578330941641182150e+00 -4.861874052381880418e+00
-4.880794427121433188e+00 -5.100099794851291612e+00
-5.164630124287699964e+00 -5.359122982088758924e+00
-5.467518743627349131e+00 -5.595374166913551051e+00
-5.550109661206454881e+00 -5.296083326639584143e+00
-5.896942568744360180e+00 -5.393919801617355958e+00
-6.238716595781863994e+00 -5.561587197395548188e+00
-6.605341675983654959e+00 -5.679652972596727523e+00
-6.615370532221990452e+00 -5.383286112300647019e+00
-6.908554168216301861e+00 -5.406043237908054522e+00
-7.344105582568056789e+00 -5.337981009251455689e+00
-7.751648375614292874e+00 -5.364052584245798450e+00
-8.164204829020722087e+00 -5.371459303867011315e+00
-8.552694925999183795e+00 -5.297444562345510199e+00
-8.484854435414510121e+00 -5.162186785774267150e+00
-8.430332318787391088e+00 -4.978565343765456674e+00
-8.352202959122557502e+00 -4.822331848403491605e+00
-8.261516886381775393e+00 -4.679302140587811465e+00
-8.158567239110261937e+00 -4.554681764879564554e+00
-8.068417913691540377e+00 -4.417372679800479318e+00
-7.976327929458514987e+00 -4.271252402108337343e+00
-7.875066305345479023e+00 -4.135401909467926629e+00
-7.785426407997098508e+00 -3.988487376583166544e+00
-7.749161151006579651e+00 -3.912839551718015230e+00
-7.910184304228913277e+00 -3.868506765643542344e+00
-7.962927176815382424e+00 -3.783120170789762149e+00
-7.859171598974027617e+00 -3.657384040392503977e+00
-7.745792894038869392e+00 -3.549404670602504197e+00
-7.636374152678365945e+00 -3.428183189925472885e+00
-7.515597248254419327e+00 -3.319761573075253658e+00
-7.455842743534003780e+00 -3.233077875748139984e+00
-7.615548997347798554e+00 -3.154538661971448832e+00
-7.741918006536696595e+00 -3.050608840367508456e+00
-7.736758072650715690e+00 -2.999364026554698803e+00
-7.662485584063669641e+00 -2.954994023218729282e+00
-7.594743239639894838e+00 -2.903031674510991866e+00
-7.513570222509738272e+00 -2.871520916496819620e+00
-7.439343327372681003e+00 -2.824652246666689237e+00
-7.360049783963482639e+00 -2.786686890027142649e+00
-7.285810666067737529e+00 -2.742914569802644031e+00
-7.214356187630508010e+00 -2.696476342147434035e+00
-7.160332083497807254e+00 -2.625812546658623070e+00
-7.093747954476497419e+00 -2.569422850490326926e+00
-7.029236304597808349e+00 -2.520874979692917073e+00
-7.041997363266796484e+00 -2.465508120276053372e+00
-7.128864721244378977e+00 -2.424307360014352319e+00
-7.213342178392990078e+00 -2.383764585638965539e+00
-7.284684686264960796e+00 -2.329553618870137122e+00
-7.355475167478895848e+00 -2.275494635708934954e+00
-7.421731331013099009e+00 -2.222684037836846205e+00
-7.461573935792109147e+00 -2.150471443887019163e+00
-7.470363120063463924e+00 -2.071018784194459172e+00
-7.400668877835220094e+00 -1.993730991735872538e+00
-7.318680280637649638e+00 -1.922650525784949105e+00
-7.228552743911480505e+00 -1.857963866199544789e+00
-7.128154594976018998e+00 -1.802260951415349588e+00
-7.026463350874359470e+00 -1.763567694281865439e+00
-6.907659128847278396e+00 -1.759260627935823829e+00
-6.887851662266212038e+00 -1.708528875210698628e+00
-6.927030115604257077e+00 -1.615394310555626323e+00
-6.823586585986175734e+00 -1.574993450440589582e+00
-6.717766182854815860e+00 -1.552296020293856271e+00
-6.660423092151989799e+00 -1.464638706347997310e+00
-6.753253475774187997e+00 -1.393503491727988486e+00
-6.835711604066403879e+00 -1.316728217173828375e+00
-6.918088485902012863e+00 -1.237854290973050553e+00
-7.001151865948774144e+00 -1.163131843792505116e+00
-7.079718414834837326e+00 -1.084508786090603083e+00
-7.154960486225286687e+00 -9.993020836307475729e-01
-7.224531794664661888e+00 -9.115015567133228913e-01
-7.226537789580634197e+00 -7.945472761933534134e-01
-7.057580611820613470e+00 -6.759160927328906610e-01
-6.867960037488573199e+00 -5.948447059768906531e-01
-6.660319295904743697e+00 -5.585738016481427426e-01
-6.462179856290788393e+00 -5.164343565353839427e-01
-6.459124259353413500e+00 -3.789996391847516577e-01
-6.231743542339168052e+00 -3.897484516812863564e-01
-6.328424509392050368e+00 -2.320009497614341498e-01
-6.134013045018644306e+00 -1.573880796669517856e-01
-5.895876488882367816e+00 -1.883826803251977822e-01
-5.687715018180514726e+00 -1.592710673134769550e-01
-5.824462077107462221e+00 -1.080776412456518898e-03
-5.642199060086053208e+00 6.286346085591265620e-02
-5.415166352985902876e+00 5.952748004552699257e-02
-5.172351804128582309e+00 9.960439802444209789e-03
-4.932513625016764713e+00 -3.878714832729057704e-02
-4.725659508522044305e+00 -1.131294988975977134e-01
-4.499305381846731677e+00 -1.744033690383295365e-01
-4.316049463102101136e+00 -7.846071397764831090e-02
-4.171056605847886622e+00 7.029591775826871114e-02
-4.204170523465173837e+00 2.639204336506040249e-01
-4.379088215353971414e+00 3.446635718747925736e-01
-4.600513060242008123e+00 3.883416132298882495e-01
-4.796173288419761427e+00 4.767796510086377282e-01
-5.005468763260394915e+00 5.516872379333097598e-01
-5.205153583287826180e+00 5.393423487983906028e-01
-5.391549285849933426e+00 5.554143767174855029e-01
-5.564954514863186930e+00 6.576389616750204503e-01
-5.421531676416259771e+00 7.872288833701226451e-01
-5.318778517885674795e+00 8.799882813266948212e-01
-5.477348467791547826e+00 9.927258003529479957e-01
-5.643368926355369908e+00 1.107572432288221886e+00
-5.762968828194634519e+00 1.259046099785665174e+00
-5.939171167673666929e+00 1.361857483906818711e+00
-6.097312697695993045e+00 1.479322254600431208e+00
-6.235786175885436045e+00 1.616366305959019645e+00
-6.396932807611472427e+00 1.729871079172489612e+00
-6.499021677305432121e+00 1.896491527235232066e+00
-6.545900670344311223e+00 2.064721273052537054e+00
-6.449705211396247861e+00 2.124369527448225714e+00
-6.361661744233157556e+00 2.204126211606733943e+00
-6.252268538055806069e+00 2.248608616314017095e+00
-6.144935610547140215e+00 2.300017798495641141e+00
-6.038381415449741496e+00 2.339819360400511972e+00
-5.924858197119521996e+00 2.377702215523494811e+00
-5.813643129063985171e+00 2.416220549025253295e+00
-5.688632166301948345e+00 2.418241322520864767e+00
-5.711059785879982087e+00 2.512596444571595367e+00
-5.772230400428178143e+00 2.604314939912253823e+00
-5.670171173576912693e+00 2.653271911370318481e+00
-5.559281287965953666e+00 2.691879773883664395e+00
-5.440641590884635725e+00 2.711069465743395579e+00
-5.318002081055490216e+00 2.727738173972145130e+00
-5.187674489164352032e+00 2.718035645434727865e+00
-5.213175891683211383e+00 2.810868768224201286e+00
-5.237722695911322113e+00 2.930858363637493635e+00
-5.252321235635826646e+00 3.048765089723639132e+00
-5.284229913357181729e+00 3.134687748114421080e+00
-5.220450407046520525e+00 3.149003915213863802e+00
-5.148590220979243348e+00 3.149197012720864830e+00
-5.076293238452213252e+00 3.146576753973374441e+00
-5.007966160886724083e+00 3.144832096853108272e+00
-4.930831458227046937e+00 3.123812812409945128e+00
-4.853732585842206682e+00 3.102586002801386744e+00
-4.781283606611764547e+00 3.099923896423905756e+00
-4.704184734226926068e+00 3.078697086815346484e+00
-4.692911591664905124e+00 3.134448187594534030e+00
-4.665027700324091420e+00 3.171623385299543241e+00
-4.593116839675294827e+00 3.169109433367463868e+00
-4.516017967290452795e+00 3.147882623758905485e+00
-4.459566400387107166e+00 3.109482138473218971e+00
-4.407169401075996085e+00 3.065378176059402993e+00
-4.394996181892508069e+00 3.080455459196240309e+00
-4.413581973906717693e+00 3.144537029931539163e+00
-4.429908575078710165e+00 3.210796070403104441e+00
-4.454916700785050310e+00 3.269336246465616380e+00
-4.458225820338219236e+00 3.322100804372262406e+00
-4.301436606916256622e+00 3.313502699311769550e+00
-4.148981383397659428e+00 3.271528829871678479e+00
-4.018466501646980049e+00 3.183742067206965398e+00
-3.944175989225566337e+00 3.232426444492268569e+00
-3.968650552433498735e+00 3.379436886632227743e+00
-3.932126586437561411e+00 3.501895652228636191e+00
-3.769069538079908188e+00 3.483512651588992259e+00
-3.631326084489521655e+00 3.415356270741167766e+00
-3.495858782152672539e+00 3.338850678208576728e+00
-3.361454702296273300e+00 3.279405985677487312e+00
-3.299942519031280774e+00 3.359869135635072279e+00
-3.226949509970034491e+00 3.467072577875271566e+00
-3.082847639780330606e+00 3.445285698877417868e+00
-2.951682790162546421e+00 3.361933403835843048e+00
-2.828897120631270301e+00 3.268951692807005482e+00
-2.835641022458418092e+00 3.351224833318262153e+00
-2.845525585117167910e+00 3.503662118544976334e+00
-2.836919248025095541e+00 3.660481231907815047e+00
-2.876757743691703784e+00 3.785485963407894783e+00
-2.558138022603938744e+00 3.801470783111953633e+00
-2.240514057486342470e+00 3.696738269218002859e+00
-2.030639878448251778e+00 3.483395371602446833e+00
-1.876138905982991378e+00 3.574486426088011815e+00
-1.718485847232525066e+00 3.328207268345609204e+00
-1.620224014676128643e+00 3.120090213066021523e+00
-1.475951782709767901e+00 3.225739543168276935e+00
-1.338539525404178976e+00 2.961049000619242921e+00
-1.279463654920070415e+00 2.662726460329451594e+00
-1.204918004932402420e+00 2.367464673208396153e+00
-1.134586906796800410e+00 2.076837065676941041e+00
-1.088430781622414134e+00 1.775258406289427437e+00
-1.047774716364100245e+00 1.466711075939820752e+00
-1.001745029607780557e+00 1.160248260366620876e+00
-9.250462837060191568e-01 8.708632252354320258e-01
-7.736587887906030137e-01 6.122716591005445963e-01
-5.804790102055510381e-01 3.877564045348154131e-01
-3.867189414636301170e-01 1.923420034384961674e-01
-1.356030163619600382e-01 3.717477371829192023e-02
