1.585977799881208294e-01 7.108178279698673663e-03
1.110865654315399631e+00 4.838427087008621008e-01
2.968670140144391567e+00 4.029889083029608798e+00
1.175538991045514958e+00 4.833213869786310291e-01
2.615208796269203440e+00 1.098095586153107206e+00
4.490628323374022735e+00 3.766425061287094866e+00
2.676971338014638491e+00 1.102696786990281730e+00
3.936310210214656991e+00 1.486246488240569263e+00
5.942103495245127931e+00 3.215566539154657288e+00
3.991416107682296932e+00 1.508525091011211572e+00
7.159428882325831189e+00 2.238005589970666787e+00
1.708453568821163837e-01 -1.158155021362201609e-01
2.139415491127597768e+00 -1.095674273014032529e+00
8.202396499750719272e+00 -8.377086175918888600e-01
2.163633405330519732e+00 -1.154195426178769468e+00
3.830052740914746234e+00 -2.373510777420708262e+00
8.695789619342807697e+00 -2.508988255563535663e+00
3.864788116378922833e+00 -2.414761767374889789e+00
5.330526918923661484e+00 -3.515450549885023257e+00
8.908381122913885619e+00 -3.546974255475369375e+00
5.376711309974539610e+00 -3.556972349318138882e+00
9.544532631321599681e+00 -5.819305943192951247e+00
9.234245276350053211e-02 -2.439999639178367374e-01
1.838725119129631103e-01 -2.694792298923818219e+00
4.878072470500429247e+00 -8.507092438853737448e+00
1.452220205830886679e-01 -2.761931311697774394e+00
2.116516847905992871e-01 -5.418986190898776201e+00
3.393132342789480838e+00 -9.610653278960560542e+00
2.058714112649827621e-01 -5.492295412565929347e+00
2.853530035413499588e-01 -7.484610977945274968e+00
2.696349178944575709e+00 -1.086495056963914152e+01
2.756925004876671359e-01 -7.551089245872718791e+00
2.311296418546791576e-01 -1.310154718907631555e+01
2.004006019354611923e-01 -7.458340614182036532e+00
-2.159888523453228792e+00 -1.052755575066032989e+01
1.951984403688531988e-01 -7.393531290553450930e+00
1.256910837323639285e-01 -5.406843150791438291e+00
-3.123256144685582658e+00 -9.496041472254182381e+00
1.185475617244539231e-01 -5.338619735783751707e+00
4.700086019237845192e-02 -2.783861295544590497e+00
-4.228082248820416389e+00 -8.434224916966442720e+00
4.637295267447374969e-02 -2.639651515118545788e+00
-5.962983572769986473e-02 -2.309671282743175347e-01
-8.528738403593154160e+00 -5.294141586568260394e+00
-5.125952451999097548e+00 -3.272465604795026017e+00
-7.748635926226531190e+00 -3.025713846353669911e+00
-5.093938750056897113e+00 -3.229426102307825452e+00
-3.384878881520704486e+00 -2.222137025380782838e+00
-7.457730529807742315e+00 -2.094662603994002392e+00
-3.337730098815770763e+00 -2.165980005353535187e+00
-1.852283680830100199e+00 -1.154743697204664077e+00
-7.203745386859850441e+00 -8.163970671570726090e-01
-1.788329266400065176e+00 -1.100332266603175180e+00
-1.930947108663313982e-01 -1.193227545269941459e-01
-6.537684168520621064e+00 2.042293287745272412e+00
-3.678721397475832156e+00 1.387680642647230567e+00
-5.276820665718980230e+00 3.108881654598109723e+00
-3.623041106560879854e+00 1.370190220238156620e+00
-2.530363785048329817e+00 1.054231100586499270e+00
-4.451675821936269983e+00 3.296531278776856144e+00
-2.455153132166833618e+00 1.029203029854598661e+00
-1.204072492349137491e+00 4.881451886216470193e-01
-2.860358364146913690e+00 3.763686399498670898e+00
-1.142716746981100595e+00 4.755738905832789243e-01
-1.585977799881208017e-01 -7.108178279698673663e-03
4.871935179091486212e+00 3.644259630716368825e-01
3.426267022637388582e+00 -4.556857845781305372e+00
-2.691475337541816781e+00 -3.784282398199242614e+00
-4.142267985408699893e+00 8.069066122491630466e-02
