1.585977799881282957e-01 7.108178279703114555e-03
2.107543827562967098e-01 2.226847334646420151e-02
2.648862603755408052e-01 3.227429647864488160e-02
3.184276577291172416e-01 4.504454261033741247e-02
3.710273466990238189e-01 6.126498526562151881e-02
4.227580062691542184e-01 8.008798777320524920e-02
4.736645986775007700e-01 1.010479466386096092e-01
5.238554490568654298e-01 1.236660463278642652e-01
5.734017163564795183e-01 1.476655189981039840e-01
6.222475132958616983e-01 1.730600163254871759e-01
6.705174374697413509e-01 1.995351971577994377e-01
7.183882528730749506e-01 2.267269853983315819e-01
7.661439901490156856e-01 2.541210539883054231e-01
8.139446125779756791e-01 2.814367080759652140e-01
8.617924438567019507e-01 3.086695888317443348e-01
9.096802524428100334e-01 3.358321198239173633e-01
9.576009250843293685e-01 3.629366238402753631e-01
1.005407204038004210e+00 3.902406085506453515e-01
1.050749531187463504e+00 4.213219403607162405e-01
1.187483225941427634e+00 6.792013862109982369e-01
1.239667689114926086e+00 8.842893458579732524e-01
1.301246931722468636e+00 1.086613861706491324e+00
1.366389040263800814e+00 1.287798992000766862e+00
1.461867152480711196e+00 1.475216861361567489e+00
1.568148798466264981e+00 1.658029029051015346e+00
1.656463249143546701e+00 1.850376533209805441e+00
1.746268437933054640e+00 2.042014663281070508e+00
1.841051884406479155e+00 2.231244393228509093e+00
1.966674998108203010e+00 2.401262523667772708e+00
2.075261486211152917e+00 2.582888606987085556e+00
2.190205822548799919e+00 2.760605403411068526e+00
2.307101281400590231e+00 2.935802453881406482e+00
2.399886123030603891e+00 3.124939852390735684e+00
2.501058610757097345e+00 3.310849223880034220e+00
2.626829328589211698e+00 3.480557125163368237e+00
2.714716991064783702e+00 3.671947173051988589e+00
2.798950370407658372e+00 3.865745337958709893e+00
2.932555701932753944e+00 4.025972675259348321e+00
2.832991272836093088e+00 3.873963132128033227e+00
2.759341935920943900e+00 3.677452558941750826e+00
2.667422568311896391e+00 3.489240115116655883e+00
2.542932241159531426e+00 3.322422572674996299e+00
2.445995216390002280e+00 3.136190160197748877e+00
2.351957844851998658e+00 2.948484614895552358e+00
2.247266101832510188e+00 2.767525844705344351e+00
2.126203336919241238e+00 2.596575411400082967e+00
2.019972015375558705e+00 2.415860268145781919e+00
1.902692418735050905e+00 2.243024427268054399e+00
1.811128841706451720e+00 2.056603553943059826e+00
1.720604933986445095e+00 1.867437737833839595e+00
1.629264382318348359e+00 1.678444302470074145e+00
1.525423650082580629e+00 1.496085583071538050e+00
1.430075045126666611e+00 1.309254345025933297e+00
1.357086476399699482e+00 1.112413614313115584e+00
1.297656312127016820e+00 9.110611311325467199e-01
1.247717328813757964e+00 7.071117065239809207e-01
1.172854213151734326e+00 5.112768737475508196e-01
1.251951774736243861e+00 5.000685422847674921e-01
1.325562249677403992e+00 5.353038162915271236e-01
1.398651928185170812e+00 5.716254094874204661e-01
1.472285161950865229e+00 6.068296151657057713e-01
1.546558671637753513e+00 6.406625931228915327e-01
1.621363404092166505e+00 6.733054853976554455e-01
1.696542088805377047e+00 7.050788555059535057e-01
1.771918087178382839e+00 7.363819096789216978e-01
1.847354165778688051e+00 7.675400504362865917e-01
1.922717900647738398e+00 7.988725353579151367e-01
1.997859231888777121e+00 8.307339111530254172e-01
2.072749680679408790e+00 8.631812941770933278e-01
2.147605860043587889e+00 8.957078753048821618e-01
2.222671643590062640e+00 9.277471658810063637e-01
2.297976901896030988e+00 9.592200482639396952e-01
2.373276016108423647e+00 9.907074736197332143e-01
2.448239238291423536e+00 1.022983609749969158e+00
2.522928875758592149e+00 1.055880466870524614e+00
2.600948838481510705e+00 1.079452680809525944e+00
2.682450347145489911e+00 1.261249169102205858e+00
2.745674877573097916e+00 1.427597362511321855e+00
2.814766315795029339e+00 1.591734961073492105e+00
2.887038935587256105e+00 1.754480265964678321e+00
2.964743830266790336e+00 1.914725679166016992e+00
3.042730739755830971e+00 2.074835129823032975e+00
3.122590813625906847e+00 2.234008432146912693e+00
3.205137979775039447e+00 2.391762707148537448e+00
3.277653027159217025e+00 2.553180985425857141e+00
3.400522131580520746e+00 2.682010543238633193e+00
3.522340311840675309e+00 2.811913295824239878e+00
3.657213126205244969e+00 2.927828694707384383e+00
3.798615747691945987e+00 3.035773404036362866e+00
3.896024018645684261e+00 3.183479623846258821e+00
3.986945943939380399e+00 3.336214098241868431e+00
4.063034849354328237e+00 3.496006737135205267e+00
4.163556522525471593e+00 3.639821306752633046e+00
4.304157094434009956e+00 3.749075874257400631e+00
4.473898507941570735e+00 3.778614427771462392e+00
4.322911862049461540e+00 3.723096596255390356e+00
4.184985529491563661e+00 3.616815596378359476e+00
4.087354721338262387e+00 3.472434384353536796e+00
4.011824173400919236e+00 3.314776157050074001e+00
3.926092329722377539e+00 3.162467090488137789e+00
3.833208160244693019e+00 3.015132348005924445e+00
3.697100417262061178e+00 2.905628403352047417e+00
3.560033930647643619e+00 2.797155219944627458e+00
3.432442087143650511e+00 2.677721572570514130e+00
3.317990696295937347e+00 2.545754451444383282e+00
3.240489612739117398e+00 2.389661509777736281e+00
3.165023866979763678e+00 2.231976337120482601e+00
3.085467218109763099e+00 2.076299404361681145e+00
3.005018976690385202e+00 1.921080923176502697e+00
2.930934159444485321e+00 1.762761597071146102e+00
2.866456787471040712e+00 1.600271974734680747e+00
2.804923847426642691e+00 1.436629895805013657e+00
2.739882944934856290e+00 1.274367645867636067e+00
2.670846682423497320e+00 1.114062345237460505e+00
2.741786902597297182e+00 1.122975356689155380e+00
2.804749886436904927e+00 1.148895954939754382e+00
2.868910979728137356e+00 1.171669848692594940e+00
2.934013268264986429e+00 1.191610159272284530e+00
2.999718676775070314e+00 1.209474382941336579e+00
3.065843034303885606e+00 1.225723510175847686e+00
3.132231592889939353e+00 1.240860239788773356e+00
3.198815116276284787e+00 1.255117055605941445e+00
3.265461062109695334e+00 1.269080098477958440e+00
3.332028158902181403e+00 1.283412390678033255e+00
3.398343261316567609e+00 1.298862206970321065e+00
3.464227971093762903e+00 1.316048157660841156e+00
3.529506573074443931e+00 1.335404715764719086e+00
3.594126381121602432e+00 1.356863509042217419e+00
3.658261978542013182e+00 1.379735816594201303e+00
3.722147151024126632e+00 1.403301055567617084e+00
3.786053291858690883e+00 1.426809184886626891e+00
3.850522349937596012e+00 1.448709435029069681e+00
3.914143473069794599e+00 1.472667144441469844e+00
3.994213364346567374e+00 1.618352369626098852e+00
4.055207124535833429e+00 1.749133904074098300e+00
4.118652539183401018e+00 1.878766119876291274e+00
4.186810830491784152e+00 2.005926496283242155e+00
4.263938329620081902e+00 2.127892175107291006e+00
4.348901509239252228e+00 2.244505157809278284e+00
4.444408126358580624e+00 2.352622491395744309e+00
4.535810556997532217e+00 2.454452557194570783e+00
4.660212330474323927e+00 2.516530828749144799e+00
4.784538761514914640e+00 2.588943349514297498e+00
4.919091317466977920e+00 2.641025509455336095e+00
5.027520041699566455e+00 2.734188423106432619e+00
5.144935746305362656e+00 2.816028820143131828e+00
5.274987033072588538e+00 2.878600101816520596e+00
5.400946678313681915e+00 2.948867846741116683e+00
5.542078053247626812e+00 2.974784127256984601e+00
5.666805206063397549e+00 3.043848686010016014e+00
5.778643794903969955e+00 3.135024132924298268e+00
5.901185046255157829e+00 3.210505077826004250e+00
5.827786930654736075e+00 3.132435511829575692e+00
5.714119749759408506e+00 3.047582014974128395e+00
5.608427489041442726e+00 2.953275222699189850e+00
5.470536617038997740e+00 2.932606001449961308e+00
5.346537772091146223e+00 2.867110357019952982e+00
5.218532594749514253e+00 2.808154880703460865e+00
5.091465434357857589e+00 2.747491402713912567e+00
4.994503456484348014e+00 2.644339671069018127e+00
4.867479241222543607e+00 2.586255227939356249e+00
4.741675997702773593e+00 2.522283118654835565e+00
4.623463880018375605e+00 2.444232200113209519e+00
4.498067770688172651e+00 2.384736570604523376e+00
4.422536729909329445e+00 2.264937943086363870e+00
4.333916773885015061e+00 2.154183665918851798e+00
4.250185251147349241e+00 2.039734318711273087e+00
4.178167170857236989e+00 1.917608281776241430e+00
4.117417666725389225e+00 1.789449604477813427e+00
4.057772505827973220e+00 1.660758935154776683e+00
3.995900450282406258e+00 1.533180745454536531e+00
4.152597564333364133e+00 1.544151975317071823e+00
4.319688804061915022e+00 1.580430451728696006e+00
4.487306848827195438e+00 1.614372680417070161e+00
4.652853060619841052e+00 1.657341845461319796e+00
4.819082686172745156e+00 1.697525740683233142e+00
4.986701326632958065e+00 1.731558431289360822e+00
5.153349242070015102e+00 1.769948261637556808e+00
5.317865683952561540e+00 1.816720371589497507e+00
5.483717366417241834e+00 1.858367211646995809e+00
5.652502025634995597e+00 1.885677263758019695e+00
5.823049796895952923e+00 1.898108515933460527e+00
5.993587634387325558e+00 1.910438384133178236e+00
6.156226807656127953e+00 1.960893086378235228e+00
6.325332319078307286e+00 1.960498074755181452e+00
6.488121935681364860e+00 2.011951917090844422e+00
6.651607942813699381e+00 2.061907576332211445e+00
6.820011096425622199e+00 2.089492901583055673e+00
6.971594184153022233e+00 2.167836541539812867e+00
7.122954739765537724e+00 2.245231566428403713e+00
6.819621349598731008e+00 2.046643624598953881e+00
6.442574468926459019e+00 1.955615929418707655e+00
6.064229602799301233e+00 1.883666111911251217e+00
5.675592386193294203e+00 1.846126010564281383e+00
5.291791201984215931e+00 1.771439617728183702e+00
4.915275077428844064e+00 1.668829212136064388e+00
4.532635535653160908e+00 1.589338095798592310e+00
4.153045072831293538e+00 1.495353955869576090e+00
3.779612845833005608e+00 1.381854036426744425e+00
3.410768415932718955e+00 1.257457156210163518e+00
3.030955274871829808e+00 1.165551923641327647e+00
2.660179652090524538e+00 1.042564044601009599e+00
2.294764602825919653e+00 9.035420597140961796e-01
1.936987149386698803e+00 7.457074959096297029e-01
1.579655385826520986e+00 5.869791376816939632e-01
1.227622395343501482e+00 4.166630388181604694e-01
8.871001304250265562e-01 2.247448940001066653e-01
5.379050516430732287e-01 4.966507317345270067e-02
1.788979615538094092e-01 -1.044354278120938062e-01
2.578530520844949936e-01 -1.843252687604901574e-01
3.629889469198723795e-01 -2.306303230772539514e-01
4.684577412776284033e-01 -2.761867595902942618e-01
5.711966652107625109e-01 -3.275556854767978088e-01
6.723317074151816675e-01 -3.820625587919526112e-01
7.751023162144494716e-01 -4.334194773897550590e-01
8.788219327370305756e-01 -4.828379983862276514e-01
9.830057723963150362e-01 -5.312717094205394730e-01
1.087198674796538089e+00 -5.796858917252869503e-01
1.190771309398517941e+00 -6.294087298459600799e-01
1.292908517903684551e+00 -6.820055704127743201e-01
1.393041893460996272e+00 -7.383317263054480772e-01
1.492853614945605534e+00 -7.952295208878408239e-01
1.595042531778323003e+00 -8.477004424843799235e-01
1.699717666471113997e+00 -8.950466774155589889e-01
1.805215005618427959e+00 -9.405486708817456520e-01
1.909976063570326454e+00 -9.877086872958458219e-01
2.012368121701967105e+00 -1.039784333072517830e+00
2.114333340640659475e+00 -1.091688070011143097e+00
2.453026492938043646e+00 -1.021603573528384601e+00
2.763053402170871475e+00 -9.330775451717214786e-01
3.077133648418976630e+00 -8.604722043749857274e-01
3.391806056692331151e+00 -7.903983059090913255e-01
3.710115655556697423e+00 -7.393296889023690532e-01
4.029849654133804471e+00 -7.025118324978081308e-01
4.350616809958826714e+00 -6.711488346335459099e-01
4.672736689574541025e+00 -6.588501114405040937e-01
4.994962393264248846e+00 -6.490661559501400557e-01
5.314788819057342906e+00 -6.875482432715092074e-01
5.635462413945404592e+00 -7.189489352818068113e-01
5.956661319393074194e+00 -7.469416960754506896e-01
6.275733491568371569e+00 -7.910349831226903827e-01
6.592927851412765605e+00 -8.451113216868679778e-01
6.913304128877590493e+00 -8.099400202224456002e-01
7.226892946913758387e+00 -7.928423047618124997e-01
7.546949622476527786e+00 -7.813922379496378579e-01
7.868229737935928725e+00 -7.767852895865969831e-01
8.171476476858874349e+00 -8.167049857301889038e-01
7.891173192519338464e+00 -8.083890017857608967e-01
7.569100498762415086e+00 -8.097982697076768765e-01
7.248398701710339509e+00 -8.337871227931394902e-01
6.934219682488320657e+00 -8.489204208907084048e-01
6.613629634424367687e+00 -8.821248827648493496e-01
6.298507547353207947e+00 -8.333557910281232939e-01
5.979088345473973831e+00 -7.851133357242603417e-01
5.656552165344754357e+00 -7.673962901331847775e-01
5.335597806608815219e+00 -7.309569740978689723e-01
5.016154577989307306e+00 -6.860051550570791523e-01
4.693272590188821702e+00 -6.962981256062052982e-01
4.370512309915040028e+00 -7.110194355202734684e-01
4.048245703385268790e+00 -7.335934869444111772e-01
3.730613010957652520e+00 -7.802962783436691030e-01
3.413228512999339603e+00 -8.397004848924738418e-01
3.095583997924862718e+00 -8.983150687733552076e-01
2.781183715459467631e+00 -9.727519234292985040e-01
2.470541350002170677e+00 -1.061368529348323708e+00
2.158644816831584823e+00 -1.140649998178199453e+00
2.229964430225663374e+00 -1.230976821316604131e+00
2.321776059321503549e+00 -1.288024962332406043e+00
2.413477973856620107e+00 -1.345252178200498472e+00
2.503445720524946072e+00 -1.405166048142826085e+00
2.591172722005061768e+00 -1.468311903422168552e+00
2.676258996536491797e+00 -1.534969258167900197e+00
2.758886550490216472e+00 -1.604661645150204263e+00
2.841708725959928294e+00 -1.674118859359935430e+00
2.928505349021033322e+00 -1.738480156629244711e+00
3.021071738349253355e+00 -1.794262690837460372e+00
3.113195738134428403e+00 -1.850724573970374376e+00
3.194853875620318640e+00 -1.921381276973197272e+00
3.277788536500190197e+00 -1.990571657458710675e+00
3.367311365787683641e+00 -2.051136401225263306e+00
3.457519596767425707e+00 -2.110692473844831607e+00
3.545081727596386401e+00 -2.174055298372463696e+00
3.630752581673597046e+00 -2.239974075648108798e+00
3.719601329437813853e+00 -2.301434214121144795e+00
3.808548159152397083e+00 -2.362608881769494573e+00
4.086048028593571857e+00 -2.335433423857452340e+00
4.337763313573800517e+00 -2.271548949289734942e+00
4.596438645773199383e+00 -2.241292409772449368e+00
4.855132197472284084e+00 -2.211316928728188191e+00
5.112749943942982433e+00 -2.173498709547941221e+00
5.372307989781370807e+00 -2.151926782621326861e+00
5.632223786925238507e+00 -2.136397453331921881e+00
5.892620684199326497e+00 -2.140664583549184208e+00
6.152975640099144883e+00 -2.133598515921927952e+00
6.412726724130549449e+00 -2.146250498542548346e+00
6.665391732901142063e+00 -2.209280597456928508e+00
6.923010937864543912e+00 -2.244370714327346139e+00
7.177307416764422854e+00 -2.299508866035111954e+00
7.433403767684912289e+00 -2.345944434512396093e+00
7.677996566243832532e+00 -2.428023144597184046e+00
7.933235681005111672e+00 -2.377812289279638058e+00
8.192226147702985628e+00 -2.350453744846154880e+00
8.451556322078289440e+00 -2.361801201951024609e+00
8.678803191597518563e+00 -2.483617700907637005e+00
8.463441282107037722e+00 -2.397636945520888574e+00
8.205613480042831753e+00 -2.386940699133656807e+00
7.948282116039712797e+00 -2.409623518011642318e+00
7.696047090297413185e+00 -2.465012342147755220e+00
7.449542290666172129e+00 -2.394266047280823706e+00
7.198214647232124008e+00 -2.333639964004182055e+00
6.944709214791497054e+00 -2.285100394996018025e+00
6.688649027887054288e+00 -2.250510618731508039e+00
6.438736075220762523e+00 -2.184367823892516824e+00
6.181842369390889047e+00 -2.177636989302222936e+00
5.923425463351271958e+00 -2.182449488247449221e+00
5.665011006606322397e+00 -2.173755721428650922e+00
5.406665979614154516e+00 -2.180697403504676224e+00
5.149596327612868230e+00 -2.208108103706865943e+00
4.893346283050753698e+00 -2.240742024180890191e+00
4.639284316413895937e+00 -2.286148948449437501e+00
4.383712622581377616e+00 -2.315169294661551636e+00
4.132648453414955014e+00 -2.374744775719983103e+00
3.877727201063535301e+00 -2.408021900858584363e+00
3.917762564943801706e+00 -2.485790257743154541e+00
3.993666822757750978e+00 -2.543950364537438169e+00
4.067958317926799516e+00 -2.604145584520087375e+00
4.140212169888743077e+00 -2.666782384911962733e+00
4.211996189931464407e+00 -2.729959609106892504e+00
4.284399819539952858e+00 -2.792424000004553264e+00
4.358094374726005249e+00 -2.853356972025257843e+00
4.433165121480641346e+00 -2.912590273248994333e+00
4.508001352388813388e+00 -2.972116553790700166e+00
4.579903201503788601e+00 -3.035117493300554248e+00
4.649273783951763939e+00 -3.100919877413313763e+00
4.728058723614361192e+00 -3.154624761572285330e+00
4.813187628244357086e+00 -3.198154682598047138e+00
4.892286240380236961e+00 -3.251696287810120545e+00
4.967229052312827520e+00 -3.311090330908366575e+00
5.045451816785854859e+00 -3.366041047228500283e+00
5.127529343174172638e+00 -3.415076984628452994e+00
5.212223767561473764e+00 -3.459446961606825521e+00
5.296618009486724787e+00 -3.504339549323271186e+00
5.515181719518714054e+00 -3.467797200300867910e+00
5.697889392284793075e+00 -3.411979148159769437e+00
5.884125779647783716e+00 -3.370084303862027397e+00
6.072932355608553934e+00 -3.344382193540483605e+00
6.260062089081635861e+00 -3.311438314172338693e+00
6.450428297883240347e+00 -3.295424300075029844e+00
6.641244209480584360e+00 -3.291372162568315218e+00
6.831453539530682129e+00 -3.309073471191056992e+00
7.022309391686342828e+00 -3.313223992228407688e+00
7.209357196223809439e+00 -3.305814729794101847e+00
7.392131280646378144e+00 -3.345092379507955016e+00
7.580765554550199070e+00 -3.374989223140832273e+00
7.770285450004378092e+00 -3.398755265789213276e+00
7.936526608586688347e+00 -3.481340022904697573e+00
8.126750193318740045e+00 -3.470202928907471396e+00
8.316339789776336033e+00 -3.460857737602113460e+00
8.506449041443289616e+00 -3.475108642550532423e+00
8.697167666526720353e+00 -3.478797267020252271e+00
8.880852505757875548e+00 -3.528961616642157573e+00
8.723549487293560389e+00 -3.513059761678573700e+00
8.535866530961831344e+00 -3.506361047042436230e+00
8.348336352784164305e+00 -3.499394051047717724e+00
8.161338385934909567e+00 -3.498417045657244095e+00
7.974344264834016371e+00 -3.517912846456398235e+00
7.799872005677932485e+00 -3.457381340501087585e+00
7.615098561704678026e+00 -3.422731448750233163e+00
7.429861200502705820e+00 -3.390137487997239241e+00
7.248918340341669264e+00 -3.340128215534193146e+00
7.065241608084735780e+00 -3.357276463627925533e+00
6.877835176177140575e+00 -3.356216811872962058e+00
6.692178725430038000e+00 -3.330017547341184159e+00
6.504815409699697071e+00 -3.335493696990764256e+00
6.317204001891505882e+00 -3.348734800595466687e+00
6.131783713390936974e+00 -3.378167326165856910e+00
5.946707724730444511e+00 -3.410065127538465024e+00
5.760486367663011364e+00 -3.435592624037378862e+00
5.579376461225438177e+00 -3.486192658495082419e+00
5.399916727950353490e+00 -3.542563953130150267e+00
5.567272522534432611e+00 -3.718332393493827048e+00
5.771576535148013498e+00 -3.868356550888782941e+00
5.978338781273011548e+00 -4.015003840806134150e+00
6.182725417423672987e+00 -4.164748249016010817e+00
6.396159644148131207e+00 -4.300391835498452053e+00
6.617535033068656425e+00 -4.423815834172882155e+00
6.850421001776816787e+00 -4.522793608308491642e+00
7.057677371898360974e+00 -4.661097555079608767e+00
7.269490166403125286e+00 -4.786603266856409356e+00
7.485310828460598920e+00 -4.915830706874766420e+00
7.698979981051103039e+00 -5.050404411201051325e+00
7.928046320256487256e+00 -5.151887369175783604e+00
8.122721815112990740e+00 -5.310928237493806492e+00
8.355231281617834682e+00 -5.408220198501618725e+00
8.577096060675071243e+00 -5.526671045028274776e+00
8.811380263518667988e+00 -5.622295545214770485e+00
9.051205923015565702e+00 -5.702653461320099204e+00
9.298387926518968172e+00 -5.756845032794862149e+00
9.545513036092051706e+00 -5.806993805701239353e+00
8.972827031619255322e+00 -5.717099335137671545e+00
8.431028772614070022e+00 -5.506158516985129481e+00
7.930624978801489533e+00 -5.219438705268636625e+00
7.419235866808074675e+00 -4.947291032549057554e+00
6.928206558803664095e+00 -4.640219863875190143e+00
6.421757600680251699e+00 -4.363269315694923378e+00
5.940168069541183371e+00 -4.037615353544937058e+00
5.465308844291383750e+00 -3.699982768713432790e+00
4.978571714945926985e+00 -3.380602918367640264e+00
4.507500588174380596e+00 -3.041845666445311736e+00
4.060769134534182534e+00 -2.668067647951994026e+00
3.612316835752620747e+00 -2.295978757027767880e+00
3.137253849375269521e+00 -1.958543053184103711e+00
2.665461332894651925e+00 -1.617079513915680611e+00
2.186973030289452780e+00 -1.288459220890529666e+00
1.689907798041526688e+00 -9.861511329275809423e-01
1.167066607656103372e+00 -7.293194621218219709e-01
6.382209396531568490e-01 -4.899780059940623822e-01
1.171727950521178202e-01 -2.335374257468378900e-01
7.986092038705025487e-02 -3.690089551724535788e-01
9.186905399132019867e-02 -4.975949398182542005e-01
1.023852757438785677e-01 -6.263110461602543477e-01
1.108961464456984097e-01 -7.551755827845325619e-01
1.175041284600721048e-01 -8.841517239599376854e-01
1.221479338474244919e-01 -1.013213341122708444e+00
1.249451806277240146e-01 -1.142328669669267383e+00
1.263467143498611112e-01 -1.271467152043529447e+00
1.269333122881954323e-01 -1.400612301267739390e+00
1.272839406173456867e-01 -1.529758395999499365e+00
1.277170201968091390e-01 -1.658904231533228968e+00
1.283966298886291824e-01 -1.788048978230794006e+00
1.294615003139857334e-01 -1.917191093101169086e+00
1.310234743270594082e-01 -2.046328115344695942e+00
1.331938725147486791e-01 -2.175456289715258507e+00
1.361954832240531155e-01 -2.304567641087457375e+00
1.404136988185466783e-01 -2.433644457140669015e+00
1.469643621330242178e-01 -2.562620595540233026e+00
1.686125196477312738e-01 -2.689007584119490701e+00
4.701770816217435423e-01 -2.961724996990882985e+00
7.576596053444617507e-01 -3.231674180740566449e+00
1.021311719746485824e+00 -3.521692988818213799e+00
1.292117048890112363e+00 -3.808548642838473164e+00
1.551855830851319729e+00 -4.105356854401009059e+00
1.774303815495221093e+00 -4.431067342990282043e+00
1.993612886729800637e+00 -4.758937592358600810e+00
2.255697720859959787e+00 -5.053583191172915434e+00
2.496175532575853673e+00 -5.366162004469918756e+00
2.722183487856192574e+00 -5.689345304392160685e+00
2.954331298439303310e+00 -6.006656267958611295e+00
3.159459276479704926e+00 -6.343653380254650642e+00
3.345387419069030255e+00 -6.690479338964252065e+00
3.592472073061996785e+00 -6.997656352054415052e+00
3.812855495676868767e+00 -7.324821938160413382e+00
4.054615375748112704e+00 -7.630068039720711681e+00
4.338288109314142993e+00 -7.899654039128602534e+00
4.593985392827231173e+00 -8.199099125871406102e+00
4.870748683312560168e+00 -8.479889935473702067e+00
4.590502165612443619e+00 -8.240591122795828838e+00
4.328854277847124621e+00 -7.946902849682293990e+00
4.056086589466564973e+00 -7.664355105925359624e+00
3.802305297056894684e+00 -7.368267996154500565e+00
3.578272398074778149e+00 -7.045448940785536962e+00
3.333423040501829693e+00 -6.737136780284821214e+00
3.142741102532072173e+00 -6.394008287857481321e+00
2.943292361564192827e+00 -6.055178195000603836e+00
2.712889316152713004e+00 -5.738935302439069019e+00
2.486274154512523982e+00 -5.417633498698260830e+00
2.244011084910823683e+00 -5.107188402451825482e+00
1.988450696009583352e+00 -4.808075734599249529e+00
1.769005817661799318e+00 -4.482185968288240119e+00
1.533052123121172006e+00 -4.167100795674979707e+00
1.279692094294515803e+00 -3.865681006959007071e+00
1.016741762949407324e+00 -3.572955674653978342e+00
7.452913558794942439e-01 -3.287857779757517918e+00
4.494426912663858631e-01 -3.028074048117725958e+00
1.636140921708733043e-01 -2.757856041657125168e+00
1.338441200769319717e-01 -2.895971665201256151e+00
1.439939739663408103e-01 -3.034403681937365427e+00
1.482671425810998533e-01 -3.173135303435186128e+00
1.482274844711144179e-01 -3.311940987836475614e+00
1.470336178322848020e-01 -3.450743797933121915e+00
1.475600073970676496e-01 -3.589548758733164480e+00
1.502918783056913510e-01 -3.728328965733212819e+00
1.543807731635214453e-01 -3.867076579743925713e+00
1.589780811829388796e-01 -4.005808510951502477e+00
1.634887791271290025e-01 -4.144543272788032695e+00
1.676916584318825509e-01 -4.283287680358613514e+00
1.714747804136375897e-01 -4.422044133826199541e+00
1.746626135094028198e-01 -4.560815430913518043e+00
1.769039949225067188e-01 -4.699604976633450448e+00
1.774806005269650711e-01 -4.838410454293229357e+00
1.757074913715459541e-01 -4.977205139374584419e+00
1.719958083690319162e-01 -5.115963168862348809e+00
1.729374683797725298e-01 -5.254715944122173354e+00
1.994324415274103535e-01 -5.389525267199436698e+00
4.221676069696885247e-01 -5.601386385094832221e+00
6.331212174949544247e-01 -5.790355045857225491e+00
8.477105393776114273e-01 -5.975362804986497522e+00
1.057226882606292939e+00 -6.165049759311686195e+00
1.247175696458275418e+00 -6.376182075344714484e+00
1.439029264051906232e+00 -6.584967681574500631e+00
1.642056298253276037e+00 -6.783546248153152547e+00
1.825558453130272429e+00 -7.000440634823059227e+00
2.003508569262180572e+00 -7.221891553529040664e+00
2.180618811960024050e+00 -7.441255610047173619e+00
2.341038979771091988e+00 -7.674180668127396743e+00
2.517151835413601990e+00 -7.897036518858723042e+00
2.684538557209160903e+00 -8.126247707271213372e+00
2.798703566106364615e+00 -8.386022212121039487e+00
2.876556978656368724e+00 -8.659113879569828143e+00
3.004005870671551559e+00 -8.884743298958195368e+00
3.216980543157222705e+00 -9.068651019583880313e+00
3.376744072670153862e+00 -9.300377563938704739e+00
3.407225651363087415e+00 -9.577468829373867010e+00
3.349180435757777907e+00 -9.342315007927885162e+00
3.201477983641142000e+00 -9.106198156904797614e+00
2.993363927475628739e+00 -8.917704401458651731e+00
2.846540014196241142e+00 -8.708670497154606949e+00
2.769553361794978574e+00 -8.439068550260712342e+00
2.669170724131688655e+00 -8.176446269174157067e+00
2.507210252999293676e+00 -7.949188629982074872e+00
2.336920209442206353e+00 -7.725790612104486144e+00
2.167122597791434568e+00 -7.502315071982161854e+00
1.992227324015662271e+00 -7.283408027795552186e+00
1.825244017787841511e+00 -7.058069002581527585e+00
1.640123871868242933e+00 -6.846473751769540428e+00
1.443462151094609069e+00 -6.645622384478919287e+00
1.250258573193345102e+00 -6.442564372464770983e+00
1.059384655397452413e+00 -6.236345643593303123e+00
8.616669082535224344e-01 -6.036456351191178626e+00
6.524377136908865449e-01 -5.848867845880171501e+00
4.288690373649586274e-01 -5.678873481297417314e+00
2.194216784501271666e-01 -5.491499298386710137e+00
1.946422233719879991e-01 -5.590935458836908012e+00
2.066266111709290088e-01 -5.694060138186722853e+00
2.169770668642984346e-01 -5.797356688007613279e+00
2.230866354047829903e-01 -5.900991327995356528e+00
2.261895748476739632e-01 -6.004763548192016742e+00
2.284557689243532919e-01 -6.108559348903809472e+00
2.313472541765665413e-01 -6.212339490567146960e+00
2.348935316859334932e-01 -6.316099356190194136e+00
2.390014335628432851e-01 -6.419838570844778047e+00
2.435602425112385616e-01 -6.523558991860411993e+00
2.484206289662994060e-01 -6.627265758745796376e+00
2.534642604097934737e-01 -6.730963796517118070e+00
2.585623899718281771e-01 -6.834659174878618515e+00
2.630980872429100059e-01 -6.938380105435919987e+00
2.657024474870443020e-01 -7.042164386987266766e+00
2.642807787882016091e-01 -7.145962195048008780e+00
2.553868057449530937e-01 -7.249381391542840447e+00
2.567169432912304594e-01 -7.352657698896928551e+00
2.901563293639666807e-01 -7.450257074107515365e+00
4.588870727165895724e-01 -7.623117421167913577e+00
6.343602935422807398e-01 -7.759743878885506874e+00
8.043464425603457091e-01 -7.903147695750767809e+00
9.765787058750219352e-01 -8.043838571898762169e+00
1.132829548778180762e+00 -8.201761040602516317e+00
1.280414199573308709e+00 -8.368090680899527456e+00
1.426694748038187077e+00 -8.535518116205754069e+00
1.560880773423276802e+00 -8.712861530309044866e+00
1.689264185009487829e+00 -8.894451372377712772e+00
1.806177742173314726e+00 -9.083575154351342107e+00
1.913887916563323355e+00 -9.278155472314333352e+00
2.019616944005459214e+00 -9.473799934504086195e+00
2.109472575207947287e+00 -9.677143865673766499e+00
2.181475480884568885e+00 -9.887517155298434446e+00
2.230204787369725494e+00 -1.010403147680101377e+01
2.378198555685792304e+00 -1.025793617610981912e+01
2.525255471912203564e+00 -1.042381232219605636e+01
2.616827710994898748e+00 -1.062564237851825588e+01
2.689695236731909134e+00 -1.083517826695724651e+01
2.596306689175253979e+00 -1.067239604225074778e+01
2.510462107174803226e+00 -1.047106971249570506e+01
2.365266686385327333e+00 -1.030573467246837005e+01
2.209579819714851290e+00 -1.015046705904081570e+01
2.160375656888509965e+00 -9.937015559309763546e+00
2.091361275859174640e+00 -9.727985611267703447e+00
2.003028061482613698e+00 -9.526211422902026271e+00
1.901634774348337276e+00 -9.330720923027358893e+00
1.790610413746871687e+00 -9.140475668401847997e+00
1.672198943125456472e+00 -8.954753824838107334e+00
1.547663979967349723e+00 -8.773058388105278382e+00
1.420274248987358989e+00 -8.593366972304966822e+00
1.278919603272965277e+00 -8.424609903688962120e+00
1.123296892949113390e+00 -8.268723197048766238e+00
9.737752194943003481e-01 -8.106991111681510986e+00
8.122172789849426700e-01 -7.957609391201824423e+00
6.357664229580139992e-01 -7.825772786738445674e+00
4.609128440798249127e-01 -7.691814892699543549e+00
2.911545847062398940e-01 -7.551544811759670850e+00
2.744926145785918092e-01 -7.839808987257653072e+00
2.766936486730600664e-01 -8.132627848073406440e+00
2.753461662855458125e-01 -8.425478145969679034e+00
2.770922253933674195e-01 -8.718325680527314603e+00
2.769427011087740587e-01 -9.011161978259179861e+00
2.754537117121511614e-01 -9.303877350649349509e+00
3.028118933337469176e-01 -9.595073279998024063e+00
2.993025572941863111e-01 -9.886656860474083430e+00
3.255949991011863887e-01 -1.017829725329495538e+01
3.444731992819463073e-01 -1.047053632484232821e+01
3.784839862199255167e-01 -1.076137260554929576e+01
4.166908694932676127e-01 -1.105171219094148682e+01
4.401239881313424585e-01 -1.134291797389104595e+01
4.355558565965555462e-01 -1.163512739810354368e+01
4.461428472817650093e-01 -1.192772362768922534e+01
4.363234425669411665e-01 -1.222023872037469516e+01
3.948695339501524515e-01 -1.251009727423559070e+01
3.392560099440591337e-01 -1.279756927164301494e+01
2.486130318118315863e-01 -1.307567733355068107e+01
2.978972313061981625e-01 -1.281139108339148613e+01
3.578552334950596547e-01 -1.251974622010309801e+01
3.956418593495938385e-01 -1.222430298257096304e+01
4.072415580283320624e-01 -1.192699022840563927e+01
3.877964102198482310e-01 -1.162988039241830052e+01
4.021084330701845677e-01 -1.133241022127762676e+01
3.686943132637173770e-01 -1.103682780407146069e+01
3.245900315398030367e-01 -1.074231293426498368e+01
3.010314176578439693e-01 -1.044538599588322114e+01
2.750330959075836801e-01 -1.014865189102947340e+01
2.545231071653790700e-01 -9.851509505404900224e+00
2.533240839781121245e-01 -9.553711090215150747e+00
2.292134715240712606e-01 -9.256956568074725666e+00
2.262307933586325259e-01 -8.959228488205287277e+00
2.308678264919915568e-01 -8.661402953615361611e+00
2.281908299500403359e-01 -8.363544305967911541e+00
2.248402231176051813e-01 -8.065690603897625266e+00
2.237745465375258203e-01 -7.767821076565446958e+00
2.091351205562419491e-01 -7.471937871851284996e+00
3.833545702971030700e-02 -7.585397525525833018e+00
-1.413455443315189686e-01 -7.692804100896646347e+00
-3.027844587908120055e-01 -7.825598471477350770e+00
-4.745179716442608497e-01 -7.944803148778866841e+00
-6.164111506859164535e-01 -8.097361917226693961e+00
-7.661298813852361889e-01 -8.243153418142036060e+00
-9.151751624593105205e-01 -8.390023241072414706e+00
-1.066956566008081531e+00 -8.534073361678961689e+00
-1.211976770017300531e+00 -8.684039547308225693e+00
-1.296882977396157877e+00 -8.875069106923678675e+00
-1.414983262464824643e+00 -9.047704929933992446e+00
-1.500943434037909752e+00 -9.238315770744879529e+00
-1.629202664027913139e+00 -9.402398191206776445e+00
-1.708015735582228523e+00 -9.590563994667313352e+00
-1.751198793396115949e+00 -9.795112301484229178e+00
-1.798716852308095859e+00 -9.998011509748241821e+00
-1.943831199622513939e+00 -1.014618735668022786e+01
-2.070458333461238976e+00 -1.031261396909721206e+01
-2.147821534554849698e+00 -1.050506074355577546e+01
-2.117605382693250160e+00 -1.032512522723867932e+01
-1.992944962554103139e+00 -1.015444099543902823e+01
-1.855177465945017978e+00 -9.994024140220997054e+00
-1.779021537804434505e+00 -9.799019185490729811e+00
-1.745002393877711278e+00 -9.590510493637070866e+00
-1.677174286464579778e+00 -9.396875474003378415e+00
-1.543045505862458810e+00 -9.236118401687187784e+00
-1.454997227192900588e+00 -9.043916077614365889e+00
-1.339685801122703079e+00 -8.866893063978277922e+00
-1.250601256420278640e+00 -8.675507714058216635e+00
-1.103992507078802809e+00 -8.524129645474149086e+00
-9.496042077036697115e-01 -8.379681954897852947e+00
-8.108586091884133484e-01 -8.220278053042203936e+00
-6.523848414251163241e-01 -8.080302107135278078e+00
-5.124872991592153149e-01 -7.922569203495850587e+00
-3.370903313104986476e-01 -7.804647499707987990e+00
-1.770028540051191146e-01 -7.666601576892405845e+00
-1.144916308464138943e-03 -7.549221872499524366e+00
1.638202371499234977e-01 -7.417183821622993278e+00
2.064362140498778864e-01 -7.291729438916553008e+00
2.107261359751486929e-01 -7.188376225083922932e+00
2.102324608996249400e-01 -7.084910503195205322e+00
2.083579772557520304e-01 -6.981457372230714498e+00
2.063789063512538324e-01 -6.878006208523359533e+00
2.036668195923915792e-01 -6.774572299383949670e+00
1.993481451927862080e-01 -6.671193698580779596e+00
1.940199743179280012e-01 -6.567860873723828874e+00
1.892331422301870292e-01 -6.464502116447558677e+00
1.860304900068875944e-01 -6.361083172438471323e+00
1.842737147412574217e-01 -6.257628316675827307e+00
1.827516580429289772e-01 -6.154169436904500579e+00
1.803805742397470990e-01 -6.050727297621683931e+00
1.760985428584843637e-01 -5.947348522482656108e+00
1.687066930242357155e-01 -5.844148626529091395e+00
1.582300728447819660e-01 -5.741212703619840596e+00
1.468508277055136646e-01 -5.638370335227849139e+00
1.385801259797595497e-01 -5.535247018795672602e+00
1.317827962746797865e-01 -5.432219590766768746e+00
-1.012741067386565552e-01 -5.564123156523031355e+00
-3.161693996835340248e-01 -5.739138507860388039e+00
-5.147300455481871317e-01 -5.932493512728441942e+00
-7.002027667916863596e-01 -6.138456884242610379e+00
-8.729794107935497927e-01 -6.355216238287088260e+00
-1.054737832559352606e+00 -6.564466136647940431e+00
-1.222709082026467442e+00 -6.784649062288146126e+00
-1.406929987764278245e+00 -6.989238710760801609e+00
-1.557052880585130472e+00 -7.222230647741954002e+00
-1.710271030401045111e+00 -7.452894311837532371e+00
-1.866638855382866780e+00 -7.679756309077808041e+00
-2.033326009092679687e+00 -7.901064615082272979e+00
-2.172226258468040960e+00 -8.128249293361196948e+00
-2.291766086575566685e+00 -8.377650438588617021e+00
-2.392631045845253546e+00 -8.635512789181133186e+00
-2.562880002753031405e+00 -8.845521184802766612e+00
-2.772695783861615304e+00 -9.026575591797152853e+00
-2.963383203911082564e+00 -9.226710258648692431e+00
-3.109718065431620992e+00 -9.461666223809476861e+00
-3.022933773030744398e+00 -9.253986859747069360e+00
-2.842436601351216119e+00 -9.038574025212684049e+00
-2.624043110367439979e+00 -8.861647739341261598e+00
-2.441142806053239855e+00 -8.653712731120316803e+00
-2.346666047166900082e+00 -8.389067597995493841e+00
-2.226378896246810069e+00 -8.134809424419128021e+00
-2.097023642415406730e+00 -7.892025244427925301e+00
-1.908576358107342053e+00 -7.685749371427817778e+00
-1.761518883247144007e+00 -7.446068925404647487e+00
-1.603316404639407722e+00 -7.213613760178008150e+00
-1.443878563896451306e+00 -6.981885687796669515e+00
-1.276104364399116786e+00 -6.756546001387462752e+00
-1.089586129397403846e+00 -6.546026268691418792e+00
-9.094849480018289967e-01 -6.329958198238646361e+00
-7.313304299065936931e-01 -6.112280469300317876e+00
-5.440402901719467721e-01 -5.902485522710058774e+00
-3.400677382903057322e-01 -5.708936343973341820e+00
-1.227739980900323657e-01 -5.530345880390909130e+00
1.006114052118571300e-01 -5.359621601335453178e+00
1.072450867328215429e-01 -5.205573533635119432e+00
1.042358839390171710e-01 -5.072135636610308751e+00
1.128628331534831941e-01 -4.938836636398072244e+00
1.207431966800634054e-01 -4.805492685452154689e+00
1.213878652263637864e-01 -4.671920816442638902e+00
1.168735883563398054e-01 -4.538413728438812633e+00
1.105601610642347188e-01 -4.404976474579889612e+00
1.044972049732708075e-01 -4.271527680459452192e+00
9.925877981598324462e-02 -4.138044234584776326e+00
9.524426128985358231e-02 -4.004518586138689606e+00
9.227023959042432444e-02 -3.870965278562792378e+00
8.964119701822853559e-02 -3.737404576160240133e+00
8.669807679671068246e-02 -3.603850520808009605e+00
8.329612417062676188e-02 -3.470307306041221729e+00
7.971386575113040274e-02 -3.336768767686521198e+00
7.630379043045470988e-02 -3.203225774772962886e+00
7.361577254778983725e-02 -3.069666640857466433e+00
7.213850552574885278e-02 -2.936088714191926741e+00
5.816625799617222703e-02 -2.803854909129870787e+00
-2.357897935252539212e-01 -3.023767066758957345e+00
-5.208206526073748677e-01 -3.267824340524634330e+00
-7.772856553850862049e-01 -3.541479244954615524e+00
-1.021400753133236750e+00 -3.826497432627915973e+00
-1.255297858103394226e+00 -4.119726144023418968e+00
-1.490096707448479441e+00 -4.411971850682942176e+00
-1.739334220077884519e+00 -4.691295599102423886e+00
-1.967087612179890144e+00 -4.989542859800135233e+00
-2.167998170950372838e+00 -5.305057734267808911e+00
-2.334298051855383083e+00 -5.640860472321522323e+00
-2.540368415195367824e+00 -5.954320198532665032e+00
-2.704988386737532835e+00 -6.290899891178238335e+00
-2.875647347081478955e+00 -6.624676531192907447e+00
-3.074138330399391439e+00 -6.943114835208517022e+00
-3.249634913734484432e+00 -7.274733888613519994e+00
-3.475759378185371062e+00 -7.573741567399023822e+00
-3.722764352179927183e+00 -7.853505626725899802e+00
-3.953314002350887701e+00 -8.146294050903264861e+00
-4.208460445333591871e+00 -8.420938006341851079e+00
-3.993650013397143983e+00 -8.139809740714968100e+00
-3.762530993248335953e+00 -7.839222996542641653e+00
-3.505849622177434899e+00 -7.560638546606233135e+00
-3.281680092645665070e+00 -7.252357189349043054e+00
-3.112799223859075148e+00 -6.911209112796997900e+00
-2.903711100358218999e+00 -6.592415499540413393e+00
-2.738026939364479606e+00 -6.249391067006301981e+00
-2.556806805172555208e+00 -5.914187024844752116e+00
-2.365721245727297362e+00 -5.584243559845504024e+00
-2.189077666466681116e+00 -5.246549254398768625e+00
-1.985375348833795961e+00 -4.925747754261433187e+00
-1.743077555946364043e+00 -4.631361583070470189e+00
-1.498664086775825188e+00 -4.338753307870677034e+00
-1.252870933520226604e+00 -4.047281494792291490e+00
-1.015798972947212109e+00 -3.748675168824833204e+00
-7.718560787983792526e-01 -3.455816895557034307e+00
-5.031408182298338083e-01 -3.185348566337392384e+00
-2.229064010734964074e-01 -2.926866472103811567e+00
4.187833920058017800e-02 -2.654886546003086600e+00
4.631044251620231034e-02 -2.513814661056986921e+00
3.847533744732367644e-02 -2.388103457380001515e+00
3.332807173682117430e-02 -2.262263272500837363e+00
3.335107620919280924e-02 -2.136313712451287650e+00
3.653010963547384526e-02 -2.010399852722401626e+00
4.078515899505660847e-02 -1.884516153544318673e+00
4.427367583900757020e-02 -1.758610029084392234e+00
4.498602947101229543e-02 -1.632662349770017229e+00
4.053581006011272581e-02 -1.506796749684507608e+00
3.071334686091867217e-02 -1.381231551476445052e+00
1.805210302911716691e-02 -1.255914761662959123e+00
5.786376320598640710e-03 -1.130559673068415094e+00
-2.757630064399690939e-03 -1.004903216278678846e+00
-6.720020953091293547e-03 -8.790155279923006493e-01
-7.570574986332984091e-03 -7.530647607663496501e-01
-6.807869174565023274e-03 -6.271117290643826170e-01
-6.258923051991077680e-03 -5.011581558930688907e-01
-9.722108030276566115e-03 -3.752692968292477005e-01
-3.414894540910501375e-02 -2.527793101023543265e-01
-5.181653652013007427e-01 -4.669712148376758964e-01
-9.561782382419592441e-01 -7.477657499943386465e-01
-1.408836885710808229e+00 -1.004181560473494272e+00
-1.861073584710061457e+00 -1.260862533688907661e+00
-2.279357120311802376e+00 -1.569954339056418569e+00
-2.703754739260195716e+00 -1.869392167266496596e+00
-3.149962008205157815e+00 -2.135607195696372251e+00
-3.585612645884764582e+00 -2.417962193796096226e+00
-4.030136091159416623e+00 -2.688353950261388015e+00
-4.478305147087898064e+00 -2.952658155767026393e+00
-4.933348886564589364e+00 -3.204646011319552734e+00
-5.367828922590617502e+00 -3.489137242882104140e+00
-5.822318441265006861e+00 -3.742392761865518835e+00
-6.280299418127479605e+00 -3.989091438877018447e+00
-6.704075561888654278e+00 -4.290693201438647186e+00
-7.166207699630615657e+00 -4.528856852652998199e+00
-7.598803736057564429e+00 -4.813291086137642338e+00
-8.044343551578851503e+00 -5.081991273667222586e+00
-8.513661642893637804e+00 -5.299868795837986646e+00
-8.346390339716220907e+00 -5.200484464640728888e+00
-8.163555931367165286e+00 -5.105183565826034275e+00
-7.988731660665749246e+00 -4.995687804720960301e+00
-7.814926634813021522e+00 -4.884589486192283836e+00
-7.636689115869096156e+00 -4.780988029227532188e+00
-7.455515752024703069e+00 -4.682447400506829283e+00
-7.289079685666786546e+00 -4.560898457447311927e+00
-7.119154628887694791e+00 -4.445601933013599627e+00
-6.932785741655096423e+00 -4.357183087645425168e+00
-6.749226578286872780e+00 -4.263373162542174022e+00
-6.582193823640426267e+00 -4.142499810379598024e+00
-6.417271881205286022e+00 -4.018617335110961974e+00
-6.241577838895428165e+00 -3.910762813922659120e+00
-6.058285659380377552e+00 -3.816114402437346342e+00
-5.876548345806840601e+00 -3.718518324347677595e+00
-5.696502636438665057e+00 -3.617823741230869139e+00
-5.516865190679372866e+00 -3.516401266115021684e+00
-5.339179032321611729e+00 -3.411628353730961294e+00
-5.167479531339562726e+00 -3.297401392477500970e+00
-5.249226988972391261e+00 -3.203750957796900778e+00
-5.375569087301584226e+00 -3.139140620811105009e+00
-5.507184532473668348e+00 -3.086479953415988575e+00
-5.645542424333902076e+00 -3.055194380379294916e+00
-5.785149169391251789e+00 -3.029683755918999299e+00
-5.923997421431436372e+00 -3.000394758259744776e+00
-6.063981729415924171e+00 -2.979811530012903553e+00
-6.200421231527557531e+00 -3.016239243341790832e+00
-6.339953473686479768e+00 -3.002298291392347274e+00
-6.481420174332551021e+00 -2.999863331694868851e+00
-6.623095230600604566e+00 -3.005865436360251053e+00
-6.764304867613001093e+00 -3.015189355652248437e+00
-6.903908574950084365e+00 -3.040677143426672391e+00
-7.044730473800132842e+00 -3.058121718367900144e+00
-7.174806969603617191e+00 -3.110806010975736946e+00
-7.307427837445003682e+00 -3.115014705969707975e+00
-7.432739232306794008e+00 -3.049433261223556180e+00
-7.573897767116171131e+00 -3.038039562107118119e+00
-7.715634332471341672e+00 -3.031481680363298459e+00
-7.605616493822855873e+00 -3.015778544378579618e+00
-7.462560105043167802e+00 -3.003987283130989727e+00
-7.334560256016692925e+00 -3.061047780659415629e+00
-7.201872373501245761e+00 -3.090223266804842606e+00
-7.071236459830386956e+00 -3.031104717356180700e+00
-6.931475685459061786e+00 -2.998803955188281911e+00
-6.789669464423163880e+00 -2.976350400616408987e+00
-6.647190346303661457e+00 -2.959290407763918829e+00
-6.503663711776987988e+00 -2.956358920809109669e+00
-6.360274423799107346e+00 -2.961238812252181329e+00
-6.217427706031928736e+00 -2.972374466785455027e+00
-6.077389795297971631e+00 -2.941781135905639832e+00
-5.934808658186361718e+00 -2.951551065949236108e+00
-5.794700513318769453e+00 -2.982842827361668725e+00
-5.653930520312337116e+00 -3.010837655166674232e+00
-5.512330486910503424e+00 -3.034317831933437404e+00
-5.376423295819024339e+00 -3.080060934222511815e+00
-5.246253401665754268e+00 -3.140576935683521143e+00
-5.125674835976221644e+00 -3.217380185041239571e+00
-5.000221241619780876e+00 -3.191190930800432035e+00
-4.912842226474612772e+00 -3.136082789090044898e+00
-4.821385246637825084e+00 -3.088149439741014746e+00
-4.727176110455360458e+00 -3.045752145928807053e+00
-4.635608686823650793e+00 -2.998038145160575318e+00
-4.548975570570783944e+00 -2.941780949900884679e+00
-4.462782202171704959e+00 -2.884843250726812247e+00
-4.372821860477178468e+00 -2.834098298285685935e+00
-4.281119853663327923e+00 -2.786517331954172949e+00
-4.190870600014441116e+00 -2.736255318121833646e+00
-4.102652763127524693e+00 -2.682494603263807065e+00
-4.015391224823258831e+00 -2.627189544852398750e+00
-3.928304086378155535e+00 -2.571609312795931856e+00
-3.840744406019374058e+00 -2.516777671113835435e+00
-3.752752820373756126e+00 -2.462640688858459992e+00
-3.664999606130848520e+00 -2.408119274496332007e+00
-3.578547346766645987e+00 -2.351566928993444439e+00
-3.494128991026983044e+00 -2.292016073840121404e+00
-3.408597605239082728e+00 -2.234098379927762945e+00
-3.590123627349215418e+00 -2.157791860843359277e+00
-3.797775559723584937e+00 -2.093062787399968983e+00
-4.004275506131603990e+00 -2.024864557295292578e+00
-4.220497093361513130e+00 -2.008079617029040698e+00
-4.436690595464202858e+00 -1.987211165065327911e+00
-4.652713500408425240e+00 -2.002172790880711428e+00
-4.869955784671196497e+00 -1.992505570977321172e+00
-5.086005720029914912e+00 -2.015781887973802977e+00
-5.299987406755903407e+00 -2.055091258671579713e+00
-5.515437530510471476e+00 -2.085001468609953168e+00
-5.732664417368738441e+00 -2.088559352296044835e+00
-5.944808383621920100e+00 -2.042810554378465593e+00
-6.157929579671564291e+00 -2.069092915510560626e+00
-6.368015576498065045e+00 -2.121674373021613658e+00
-6.580952455201512841e+00 -2.161446787272162773e+00
-6.790033823506416155e+00 -2.156946566725422176e+00
-6.998151822016454027e+00 -2.096279516898310380e+00
-7.214757951250666324e+00 -2.110788027136596412e+00
-7.430885581408798402e+00 -2.113613511079525775e+00
-7.238381180627815326e+00 -2.082913699633023974e+00
-7.019327570051576259e+00 -2.065563966006823016e+00
-6.806496905925554231e+00 -2.115821670446794478e+00
-6.594998189834925029e+00 -2.126602877608350095e+00
-6.379598014360229996e+00 -2.085384944958816433e+00
-6.163978779386598994e+00 -2.043205941599326891e+00
-5.953042681363263533e+00 -1.988151037177478431e+00
-5.741589133803903344e+00 -2.046496319695064514e+00
-5.522103613393585242e+00 -2.042628651739372359e+00
-5.304111733123667349e+00 -2.013891820075106143e+00
-5.088283660009563114e+00 -1.971847451724752842e+00
-4.871269162832078337e+00 -1.948992501138763656e+00
-4.652107592527561231e+00 -1.953196042833719170e+00
-4.432914438797945778e+00 -1.944215880228176596e+00
-4.213596728376081124e+00 -1.960152019633411236e+00
-3.995356665008199304e+00 -1.982749328431122615e+00
-3.786750343106631167e+00 -2.052243170709373565e+00
-3.575528731175460884e+00 -2.113372913101217332e+00
-3.360422053877324622e+00 -2.158359469185191504e+00
-3.256524923804647642e+00 -2.120530472280354406e+00
-3.175493053691343714e+00 -2.073962257192491165e+00
-3.095954209387578704e+00 -2.024867880899751782e+00
-3.016603374194895881e+00 -1.975468076157548047e+00
-2.936908907932902046e+00 -1.926624460516055626e+00
-2.857176357620565987e+00 -1.877843048380928082e+00
-2.777907563577843408e+00 -1.828313427875061015e+00
-2.699798173319086558e+00 -1.776981009239937404e+00
-2.623585389908785981e+00 -1.722875068937205878e+00
-2.548826281472946320e+00 -1.666770350861357164e+00
-2.474292833582842022e+00 -1.610364371550713436e+00
-2.398684329967939455e+00 -1.555410853548993666e+00
-2.322180431570604942e+00 -1.501707923071661011e+00
-2.245507710459696771e+00 -1.448245705088586854e+00
-2.169243438011569935e+00 -1.394203289029561255e+00
-2.093391455280277480e+00 -1.339582878178579239e+00
-2.017503026433052682e+00 -1.285013225504120005e+00
-1.941071538842110034e+00 -1.231208259112112291e+00
-1.868640152241547003e+00 -1.172561108217149428e+00
-2.129039238113366483e+00 -1.094887801583246167e+00
-2.405976156540139410e+00 -1.031357736960411886e+00
-2.685933736538860472e+00 -9.838253160660401786e-01
-2.968017436580987933e+00 -9.498710046765770354e-01
-3.249599965604609508e+00 -9.118517835683188633e-01
-3.531926438537046131e+00 -8.803050180904063993e-01
-3.815419237143756970e+00 -8.611415514698541607e-01
-4.099003185697328355e+00 -8.438042259937126310e-01
-4.383114555349463259e+00 -8.400387288489721271e-01
-4.667108966328099129e+00 -8.442758013804083639e-01
-4.949112151300876228e+00 -8.787720191960184390e-01
-5.231397945304702368e+00 -9.085594036013253660e-01
-5.512603594357993408e+00 -9.421964893569989563e-01
-5.785445600867855198e+00 -9.822977431255071057e-01
-6.067933329488813143e+00 -1.006608520423871944e+00
-6.345575774187009799e+00 -9.703538494678105586e-01
-6.624601277125218957e+00 -9.258797794377628954e-01
-6.900146536233365602e+00 -8.687744019829801712e-01
-7.181188363032430466e+00 -8.296934141819438668e-01
-6.921074506460256792e+00 -8.251770460241074634e-01
-6.640005948659980284e+00 -8.759733007524665993e-01
-6.360442351199986355e+00 -9.361448931056015610e-01
-6.077150593051759309e+00 -9.529265321488900042e-01
-5.791176111702675655e+00 -9.574834987029852140e-01
-5.511422824538234622e+00 -9.075802997670470162e-01
-5.227544623599819751e+00 -8.734333460720424824e-01
-4.943290537549317243e+00 -8.372053083079815661e-01
-4.658219162371428190e+00 -8.086916801000625377e-01
-4.371753159544802259e+00 -8.015541559801222515e-01
-4.085194981228811528e+00 -8.050585088899862019e-01
-3.798799503445084103e+00 -8.153856189411081701e-01
-3.512921348483014405e+00 -8.350950349834396214e-01
-3.228862240669247541e+00 -8.727502923851706562e-01
-2.944756006163928852e+00 -9.099186940642556287e-01
-2.659311428564754998e+00 -9.349062939576213704e-01
-2.379553906133197838e+00 -9.962943738321754505e-01
-2.098818724927756563e+00 -1.052924173800333429e+00
-1.816054422437869409e+00 -1.097864615838114899e+00
-1.700830214100370386e+00 -1.058485027029901104e+00
-1.617478053832102747e+00 -1.008692008288058384e+00
-1.534918508007565574e+00 -9.575716217849661316e-01
-1.451398008079834989e+00 -9.080371153789383865e-01
-1.367285155955534348e+00 -8.595132543258063862e-01
-1.283007508337421942e+00 -8.112756741074684808e-01
-1.198877534322989380e+00 -7.627813132084113601e-01
-1.115131693977564398e+00 -7.136270652270297887e-01
-1.031923481764754458e+00 -6.635686912831038065e-01
-9.491992340371591119e-01 -6.127136819603178353e-01
-8.669272798684244385e-01 -5.611300601133872856e-01
-7.849958414069049262e-01 -5.090073218521780074e-01
-7.033923438984177601e-01 -4.563724520989769218e-01
-6.220833510814438583e-01 -4.032838430510801153e-01
-5.410579019562216097e-01 -3.497633721291011355e-01
-4.602942126830923963e-01 -2.958485965335664325e-01
-3.793982271996863553e-01 -2.421336229470467671e-01
-2.971114155400898516e-01 -1.905942023815492270e-01
-2.108774207276102874e-01 -1.460534405348474785e-01
-5.167607653509782573e-01 1.999550564899088556e-02
-8.362360084763427182e-01 1.744094345811895153e-01
-1.135696268824503807e+00 3.657301498878817725e-01
-1.455389912437781152e+00 5.208168609262657789e-01
-1.780980962185136018e+00 6.633395092636154011e-01
-2.108269524936852601e+00 8.018757349719520811e-01
-2.427559530714141101e+00 9.577474725883781126e-01
-2.770035066559333625e+00 1.051469359695756278e+00
-3.112133082154430408e+00 1.147783235306503169e+00
-3.450069655275929126e+00 1.257843798911223221e+00
-3.790230043649868374e+00 1.358138349171153614e+00
-4.141027849531369931e+00 1.414948848742169307e+00
-4.486103152924277637e+00 1.499172656308458862e+00
-4.822814758943652969e+00 1.612270154258887533e+00
-5.172606597642338322e+00 1.655641945672114534e+00
-5.519205058097727878e+00 1.732710593440899505e+00
-5.866191692149111958e+00 1.809140560465233083e+00
-6.212417386442648848e+00 1.888385535439499829e+00
-6.536267893803396234e+00 2.033522162614922468e+00
-6.392624199567347176e+00 1.992400248218409775e+00
-6.245914349949998723e+00 1.946314899319295133e+00
-6.098122389469737392e+00 1.903921221275940656e+00
-5.947542781261795142e+00 1.872823821445730896e+00
-5.796284737895513572e+00 1.845100644530150991e+00
-5.645733562859443389e+00 1.813833935251004892e+00
-5.497370355748830484e+00 1.773485445021912188e+00
-5.349997646207658164e+00 1.729586247419105494e+00
-5.199151866600769445e+00 1.700527555255118894e+00
-5.045592048001982910e+00 1.693089045608094256e+00
-4.892682702497293867e+00 1.678427282159407508e+00
-4.747971915534415110e+00 1.627306148751884951e+00
-4.606534057997527576e+00 1.567074216039360479e+00
-4.459755383630246151e+00 1.521354122409688703e+00
-4.310363628356455479e+00 1.484939446700299204e+00
-4.159560540578873145e+00 1.454888233058585723e+00
-4.007695888955073116e+00 1.430738512698890741e+00
-3.856097435240581905e+00 1.405067625314324609e+00
-3.705099309893325810e+00 1.377276138343074496e+00
-3.722720065897734187e+00 1.507708019109208042e+00
-3.745404872436091548e+00 1.633617776498790253e+00
-3.794124323275049893e+00 1.751623741372930976e+00
-3.853371810733994263e+00 1.865124648574296717e+00
-3.903155730890550235e+00 1.983083434095026742e+00
-3.973721275940667486e+00 2.088315209650678295e+00
-4.073446505775127235e+00 2.168338968867449257e+00
-4.154452047545737159e+00 2.267429559855324239e+00
-4.239893627314826219e+00 2.362611539544826389e+00
-4.340666039871975634e+00 2.441443954261335758e+00
-4.441369028835761235e+00 2.520323736110242852e+00
-4.557042066487899667e+00 2.574669542687506141e+00
-4.673493056788071698e+00 2.627695928336275966e+00
-4.792662963673338439e+00 2.673534889361668387e+00
-4.901885684740443949e+00 2.736815190825190758e+00
-4.969189006559299848e+00 2.845598707478179445e+00
-5.050516939328337784e+00 2.944310088830919714e+00
-5.144158175163902058e+00 3.031482453806317867e+00
-5.254935661502228683e+00 3.094875799662305749e+00
-5.150344867729662823e+00 3.073719594350972084e+00
-5.039603048077753833e+00 3.003724750487024142e+00
-4.957068981067177305e+00 2.901788348556107788e+00
-4.897703653702199844e+00 2.784341448270932329e+00
-4.792584460981703209e+00 2.711093477117887840e+00
-4.668254513767317704e+00 2.668189319866985709e+00
-4.551507626812233198e+00 2.607325613888999083e+00
-4.432772581748045226e+00 2.550429501113557595e+00
-4.326609557502302472e+00 2.473477516425165224e+00
-4.219704683195005579e+00 2.396784953947613150e+00
-4.131249943688152015e+00 2.300196580127617185e+00
-4.048771702398139993e+00 2.198046066184175640e+00
-3.946412006117553606e+00 2.115416047194964566e+00
-3.878233587458053133e+00 2.003623364428765985e+00
-3.825797126295414241e+00 1.882861343772721074e+00
-3.759435135215397406e+00 1.769232470869064766e+00
-3.701140264564034776e+00 1.651548149439876045e+00
-3.672469667174071972e+00 1.523215316890852655e+00
-3.647286313485598619e+00 1.394722412717973814e+00
-3.571169138345901661e+00 1.342884454782644621e+00
-3.515500048986570203e+00 1.323896324375916311e+00
-3.458794376353828248e+00 1.308160113007009073e+00
-3.401805482340614972e+00 1.293471368756140105e+00
-3.344912076685151892e+00 1.278419867536919163e+00
-3.288379693950911342e+00 1.262067097587454167e+00
-3.232243488701522338e+00 1.244399069350015541e+00
-3.176336612104699419e+00 1.226017401647009120e+00
-3.120498722390157020e+00 1.207426363339337172e+00
-3.064563221497492496e+00 1.189132266839101781e+00
-3.008417789752914295e+00 1.171494025109518944e+00
-2.952034032641253525e+00 1.154632594919671629e+00
-2.895460828442495860e+00 1.138417151733392085e+00
-2.838759205309668410e+00 1.122656236984370448e+00
-2.781965115185348392e+00 1.107231570156955058e+00
-2.725104519608869680e+00 1.092053703123359476e+00
-2.668203316090376198e+00 1.077028681349965211e+00
-2.611301803993352877e+00 1.062004834525112962e+00
-2.553941983543952965e+00 1.049062556594582585e+00
-2.579825202524462124e+00 1.215222682772081342e+00
-2.626293480517003065e+00 1.377461239244011093e+00
-2.678908983136941480e+00 1.537715957613082551e+00
-2.746850287984646144e+00 1.692218075173382186e+00
-2.815870772694788027e+00 1.846254508798147231e+00
-2.884347475979922582e+00 2.000533508651468839e+00
-2.956567381191275157e+00 2.153077817492718093e+00
-3.034938452732764969e+00 2.302561170480003749e+00
-3.128246047313409051e+00 2.442736555796300113e+00
-3.246671734812313748e+00 2.562809481519070065e+00
-3.388908051728175774e+00 2.653005827227223445e+00
-3.534512790915678604e+00 2.711528311754396459e+00
-3.696990270265673395e+00 2.711832945521738036e+00
-3.863135755387544723e+00 2.741008450531922325e+00
-4.009441771967699353e+00 2.818576405011414376e+00
-4.159151256466548041e+00 2.890405907187064027e+00
-4.219237771023696126e+00 3.037393740228786054e+00
-4.308103268351189286e+00 3.179667697509030777e+00
-4.434721314599489261e+00 3.287687147258067544e+00
-4.295985241277110234e+00 3.240553221187711497e+00
-4.207682681454660845e+00 3.093263481535538428e+00
-4.147390442337032468e+00 2.931593900427722499e+00
-3.991245489194490847e+00 2.863758773043084016e+00
-3.852162465025846583e+00 2.774745963840190566e+00
-3.681523241911812683e+00 2.743954324691405322e+00
-3.512686912071834477e+00 2.756471627880214381e+00
-3.363382036520667029e+00 2.683319594020218357e+00
-3.219939401053898198e+00 2.585845954302901983e+00
-3.093327962544184295e+00 2.468011073110047970e+00
-2.999025979194912317e+00 2.322774187430724613e+00
-2.921281985748855448e+00 2.167742474888256776e+00
-2.845228603804739187e+00 2.011861728197384291e+00
-2.771178693277402516e+00 1.855023197504443555e+00
-2.701544860248096924e+00 1.696178060723691150e+00
-2.636142661944871790e+00 1.535540860432894394e+00
-2.575018384935119808e+00 1.373236767903453170e+00
-2.525428618288779070e+00 1.207136431128963405e+00
-2.471424212962512357e+00 1.044729910413573659e+00
-2.394333903770941241e+00 9.940618286302447260e-01
-2.329687579063857150e+00 9.664718281290842761e-01
-2.264167063892295939e+00 9.409668170860214786e-01
-2.200191197740474891e+00 9.119152902670695227e-01
-2.140139987323420367e+00 8.753919688093474427e-01
-2.078600808474924566e+00 8.415728102874271421e-01
-2.013134409348810383e+00 8.159782657233107805e-01
-1.946979779883994066e+00 7.921663248150556669e-01
-1.881443579740529781e+00 7.667102193319768055e-01
-1.816574405887260824e+00 7.395923389021064054e-01
-1.752051953549320418e+00 7.116574129311463714e-01
-1.687660901923488943e+00 6.834203423256672849e-01
-1.623212981128505428e+00 6.553135179149114364e-01
-1.558536660599482149e+00 6.277374037711349608e-01
-1.493476105001297904e+00 6.010812056516816604e-01
-1.428148377785944945e+00 5.750847606430062875e-01
-1.362936706759171779e+00 5.488009530904154332e-01
-1.298553390978905542e+00 5.205739010698287039e-01
-1.235790109722973096e+00 4.888963806074793084e-01
-1.235406644749590166e+00 6.840192645596334664e-01
-1.259499372290096231e+00 8.810288456112376210e-01
-1.298380273604536228e+00 1.075466758629825659e+00
-1.351957194188216027e+00 1.266568936916858679e+00
-1.407316733247061080e+00 1.456925832920276775e+00
-1.489863995259524954e+00 1.637386221603616132e+00
-1.563038889777759399e+00 1.821882832435228305e+00
-1.645319061703461871e+00 2.002273557564066220e+00
-1.763411556778116784e+00 2.161693705053794989e+00
-1.873138221380305612e+00 2.325757599217319171e+00
-1.985778891418020109e+00 2.488122002267391775e+00
-2.087172435947411309e+00 2.658558440870982142e+00
-2.228562572222075655e+00 2.794740844292468385e+00
-2.289245755882955535e+00 2.983390193417907010e+00
-2.365732031156739357e+00 3.166389066801110541e+00
-2.465965533881353089e+00 3.337484165552556892e+00
-2.566359755155229294e+00 3.508270074591955723e+00
-2.700236913992984267e+00 3.652128726616396204e+00
-2.868281753755661967e+00 3.754112095349652289e+00
-2.678332665098660303e+00 3.686912611385573246e+00
-2.541416459015163554e+00 3.540263764868053276e+00
-2.440294620449375618e+00 3.367894557629584451e+00
-2.338803650399629674e+00 3.194655882382922751e+00
-2.260715390428448046e+00 3.009865704410479292e+00
-2.202610512367647377e+00 2.817743889510606170e+00
-2.053499416031806746e+00 2.685793770998258001e+00
-1.954753034718611282e+00 2.511885987981473445e+00
-1.851529448512850617e+00 2.340704640939628600e+00
-1.719388475282561446e+00 2.190250070381024816e+00
-1.617887277632921839e+00 2.017023733293670684e+00
-1.529742512793133447e+00 1.836611751801498382e+00
-1.452790191426408972e+00 1.651101474712222572e+00
-1.379345600832333929e+00 1.464166658311016889e+00
-1.313151088460382976e+00 1.274571199756827866e+00
-1.258484773867479589e+00 1.081337394257873008e+00
-1.214688450218352367e+00 8.853520488132047284e-01
-1.185807863842498922e+00 6.866851527266786270e-01
-1.153629902678868335e+00 4.900244689309594115e-01
-1.100301016991936276e+00 4.377424114400119137e-01
-1.051336137734877774e+00 4.085075016100376821e-01
-1.002151052183618773e+00 3.796315121727924513e-01
-9.550207344904586559e-01 3.475293237656829071e-01
-9.092164946445726592e-01 3.135363710643703783e-01
-8.633818736477019140e-01 2.795830836347250603e-01
-8.164252855506237694e-01 2.472111155570724250e-01
-7.678455497799896445e-01 2.173408647316805720e-01
-7.176562406497024593e-01 1.902581945781443018e-01
-6.662825251172519447e-01 1.654859118716367483e-01
-6.140737641982498829e-01 1.425175502627578084e-01
-5.612514424490793186e-01 1.209939751409252473e-01
-5.079538943300934140e-01 1.006734410666312307e-01
-4.542745092157681186e-01 8.138291286710686023e-02
-4.002791642052718202e-01 6.299504810179135106e-02
-3.460177235302968612e-01 4.540698976695756173e-02
-2.915104748365708320e-01 2.859562548123362191e-02
-2.367631797050645526e-01 1.258323983822151604e-02
-1.818488873492047908e-01 -2.848167422891290101e-03
